300	0.50245
301	0.50245
302	0.50441
303	0.50441
304	0.50832
305	0.50832
306	0.5142
307	0.52204
308	0.52204
309	0.52791
310	0.52791
311	0.53379
312	0.53379
313	0.53967
314	0.53967
315	0.54358
316	0.54358
317	0.55142
318	0.55142
319	0.55534
320	0.55534
321	0.55925
322	0.55925
323	0.56513
324	0.56513
325	0.56513
326	0.56905
327	0.56905
328	0.57297
329	0.57297
330	0.57688
331	0.57688
332	0.58276
333	0.58276
334	0.58668
335	0.58668
336	0.58864
337	0.58864
338	0.59255
339	0.59647
340	0.59647
341	0.59843
342	0.59843
343	0.60039
344	0.60039
345	0.60431
346	0.60431
347	0.60823
348	0.60823
349	0.61214
350	0.61214
351	0.61214
352	0.61214
353	0.61606
354	0.61606
355	0.61802
356	0.61998
357	0.61998
358	0.62194
359	0.62194
360	0.6239
361	0.6239
362	0.62977
363	0.62977
364	0.63369
365	0.63369
366	0.63761
367	0.63761
368	0.64153
369	0.64153
370	0.6474
371	0.65524
372	0.65524
373	0.65916
374	0.65916
375	0.66699
376	0.66699
377	0.67091
378	0.67091
379	0.67875
380	0.67875
381	0.68658
382	0.68658
383	0.69246
384	0.69246
385	0.70029
386	0.70029
387	0.70813
388	0.71596
389	0.71596
390	0.7238
391	0.7238
392	0.73163
393	0.73163
394	0.73751
395	0.73751
396	0.74535
397	0.74535
398	0.75122
399	0.75122
400	0.7571
401	0.7571
402	0.76298
403	0.76885
404	0.76885
405	0.77473
406	0.77473
407	0.77865
408	0.77865
409	0.78452
410	0.78452
411	0.7904
412	0.7904
413	0.79432
414	0.79432
415	0.79824
416	0.79824
417	0.80411
418	0.80411
419	0.80803
420	0.81195
421	0.81195
422	0.81587
423	0.81587
424	0.81782
425	0.81782
426	0.81978
427	0.81978
428	0.8237
429	0.8237
430	0.82762
431	0.82762
432	0.83154
433	0.83154
434	0.83545
435	0.83937
436	0.83937
437	0.84329
438	0.84329
439	0.84525
440	0.84525
441	0.84721
442	0.84721
443	0.84917
444	0.84917
445	0.85113
446	0.85113
447	0.85504
448	0.85504
449	0.85896
450	0.85896
451	0.86092
452	0.86288
453	0.86288
454	0.86484
455	0.86484
456	0.8668
457	0.8668
458	0.86876
459	0.86876
460	0.87071
461	0.87071
462	0.87267
463	0.87267
464	0.87463
465	0.87463
466	0.87659
467	0.87855
468	0.87855
469	0.88051
470	0.88051
471	0.88443
472	0.88443
473	0.88443
474	0.88443
475	0.88443
476	0.88443
477	0.88834
478	0.88834
479	0.88834
480	0.88834
481	0.89226
482	0.89422
483	0.89422
484	0.89618
485	0.89618
486	0.89618
487	0.89618
488	0.89814
489	0.89814
490	0.9001
491	0.9001
492	0.9001
493	0.9001
494	0.90206
495	0.90206
496	0.90402
497	0.90402
498	0.90402
499	0.90597
500	0.90597
501	0.90793
502	0.90793
503	0.90793
504	0.90793
505	0.91185
506	0.91185
507	0.91185
508	0.91185
509	0.91185
510	0.91185
511	0.91185
512	0.91185
513	0.91577
514	0.91577
515	0.91577
516	0.91773
517	0.91773
518	0.91969
519	0.91969
520	0.91969
521	0.91969
522	0.92165
523	0.92165
524	0.92165
525	0.92165
526	0.92165
527	0.92165
528	0.9236
529	0.9236
530	0.9236
531	0.9236
532	0.9236
533	0.92556
534	0.92556
535	0.92556
536	0.92556
537	0.92752
538	0.92752
539	0.92752
540	0.92752
541	0.92752
542	0.92752
543	0.92752
544	0.92752
545	0.93144
546	0.93144
547	0.93144
548	0.93144
549	0.93144
550	0.93144
551	0.93144
552	0.93144
553	0.93144
554	0.9334
555	0.9334
556	0.93536
557	0.93536
558	0.93536
559	0.93536
560	0.93536
561	0.93536
562	0.93536
563	0.93536
564	0.93536
565	0.93536
566	0.93536
567	0.93536
568	0.93536
569	0.93536
570	0.93536
571	0.93927
572	0.93927
573	0.93927
574	0.93927
575	0.94123
576	0.94123
577	0.94319
578	0.94319
579	0.94319
580	0.94319
581	0.94319
582	0.94319
583	0.94319
584	0.94319
585	0.94319
586	0.94319
587	0.94319
588	0.94515
589	0.94515
590	0.94515
591	0.94515
592	0.94515
593	0.94515
594	0.94711
595	0.94711
596	0.94711
597	0.94711
598	0.94711
599	0.94711
600	0.94711
601	0.94907
602	0.94907
603	0.94907
604	0.94907
605	0.94907
606	0.94907
607	0.94907
608	0.94907
609	0.94907
610	0.94907
611	0.94907
612	0.95103
613	0.95103
614	0.95103
615	0.95103
616	0.95103
617	0.95103
618	0.95103
619	0.95103
620	0.95103
621	0.95103
622	0.95103
623	0.95103
624	0.95103
625	0.95103
626	0.95103
627	0.95299
628	0.95299
629	0.95299
630	0.95299
631	0.95495
632	0.95495
633	0.95495
634	0.95495
635	0.95495
636	0.95495
637	0.95495
638	0.95495
639	0.95495
640	0.95495
641	0.95495
642	0.95495
643	0.95495
644	0.95495
645	0.95495
646	0.95495
647	0.95495
648	0.95495
649	0.95495
650	0.95495
651	0.95495
652	0.95495
653	0.95495
654	0.95495
655	0.95495
656	0.95495
657	0.95495
658	0.95495
659	0.95495
660	0.95495
661	0.95495
662	0.95495
663	0.95886
664	0.95886
665	0.95886
666	0.95886
667	0.95886
668	0.95886
669	0.95886
670	0.95886
671	0.95886
672	0.95886
673	0.95495
674	0.95495
675	0.95495
676	0.95495
677	0.95495
678	0.95886
679	0.95886
680	0.95886
681	0.95886
682	0.95886
683	0.95886
684	0.95886
685	0.95886
686	0.95886
687	0.95886
688	0.95886
689	0.95886
690	0.95886
691	0.95886
692	0.95886
693	0.95886
694	0.95886
695	0.95886
696	0.95886
697	0.95886
698	0.95886
699	0.95886
700	0.95886
701	0.95886
702	0.95886
703	0.95886
704	0.95886
705	0.95886
706	0.95886
707	0.95886
708	0.95886
709	0.95886
710	0.95886
711	0.95886
712	0.95886
713	0.95886
714	0.95886
715	0.95886
716	0.95886
717	0.95886
718	0.95886
719	0.95886
720	0.95886
721	0.95886
722	0.95886
723	0.95886
724	0.95886
725	0.95886
726	0.95886
727	0.95886
728	0.95886
729	0.95886
730	0.95886
731	0.95886
732	0.95886
733	0.95886
734	0.95886
735	0.95886
736	0.95886
737	0.95886
738	0.95886
739	0.95886
740	0.95886
741	0.95886
742	0.95886
743	0.95886
744	0.95886
745	0.95886
746	0.95886
747	0.95886
748	0.95886
749	0.95886
750	0.95886
751	0.95886
752	0.95886
753	0.95886
754	0.95886
755	0.95886
756	0.95886
757	0.95886
758	0.95886
759	0.95495
760	0.95495
761	0.95495
762	0.95495
763	0.95495
764	0.95495
765	0.95495
766	0.95495
767	0.95495
768	0.95495
769	0.95495
770	0.95495
771	0.95495
772	0.95495
773	0.95495
774	0.95495
775	0.95495
776	0.95495
777	0.95495
778	0.95495
779	0.95495
780	0.95495
781	0.95495
782	0.95495
783	0.95495
784	0.95495
785	0.95495
786	0.95495
787	0.95495
788	0.95495
789	0.95495
790	0.95495
791	0.95495
792	0.95495
793	0.95495
794	0.95495
795	0.95495
796	0.95495
797	0.95495
798	0.95495
799	0.95495
800	0.95495
801	0.95495
802	0.95495
803	0.95495
804	0.95495
805	0.95495
806	0.95495
807	0.95495
808	0.95495
809	0.95495
810	0.95495
811	0.95495
812	0.95103
813	0.95103
814	0.95103
815	0.95103
816	0.95103
817	0.95103
818	0.95103
819	0.95103
820	0.95103
821	0.94907
822	0.94907
823	0.94907
824	0.94907
825	0.94907
826	0.94907
827	0.94907
828	0.94907
829	0.94907
830	0.94907
831	0.95103
832	0.95103
833	0.95103
834	0.94907
835	0.94907
836	0.94907
837	0.94907
838	0.94907
839	0.94907
840	0.94711
841	0.94711
842	0.94711
843	0.94711
844	0.94711
845	0.94711
846	0.94711
847	0.94711
848	0.94711
849	0.94711
850	0.94711
851	0.94711
852	0.94711
853	0.94711
854	0.94711
855	0.94711
856	0.94711
857	0.94711
858	0.94711
859	0.94711
860	0.94711
861	0.94711
862	0.94711
863	0.94515
864	0.94515
865	0.94515
866	0.94319
867	0.94319
868	0.94319
869	0.94319
870	0.94319
871	0.94319
872	0.94319
873	0.94319
874	0.94123
875	0.94123
876	0.94123
877	0.94123
878	0.93927
879	0.93927
880	0.93927
881	0.93927
882	0.93927
883	0.93927
884	0.93927
885	0.93927
886	0.93927
887	0.93927
888	0.93927
889	0.93927
890	0.93927
891	0.93732
892	0.93732
893	0.93536
894	0.93536
895	0.93536
896	0.93536
897	0.93536
898	0.93536
899	0.93536
900	0.93536
901	0.93536
902	0.93144
903	0.93144
904	0.93144
905	0.93144
906	0.93144
907	0.93144
908	0.93144
909	0.93144
910	0.93144
911	0.93144
912	0.92948
913	0.92752
914	0.92752
915	0.92752
916	0.92752
917	0.92752
918	0.92752
919	0.92556
920	0.92556
921	0.9236
922	0.9236
923	0.9236
924	0.9236
925	0.9236
926	0.9236
927	0.92165
928	0.91969
929	0.91969
930	0.91969
931	0.91969
932	0.91773
933	0.91773
934	0.91577
935	0.91577
936	0.91381
937	0.91381
938	0.91185
939	0.91185
940	0.91185
941	0.91185
942	0.90793
943	0.90793
944	0.90793
945	0.90402
946	0.90402
947	0.90206
948	0.90206
949	0.9001
950	0.9001
951	0.89814
952	0.89814
953	0.89814
954	0.89814
955	0.89618
956	0.89618
957	0.89422
958	0.89422
959	0.8903
960	0.88834
961	0.88834
962	0.88639
963	0.88639
964	0.88247
965	0.88247
966	0.88051
967	0.88051
968	0.87855
969	0.87855
970	0.87463
971	0.87463
972	0.87071
973	0.87071
974	0.8668
975	0.8668
976	0.86288
977	0.85896
978	0.85896
979	0.85504
980	0.85504
981	0.85113
982	0.85113
983	0.84917
984	0.84917
985	0.84525
986	0.84525
987	0.84133
988	0.84133
989	0.8335
990	0.8335
991	0.82958
992	0.82566
993	0.82566
994	0.82174
995	0.82174
996	0.81782
997	0.81782
998	0.80999
999	0.80999
1000	0.80607
1001	0.80607
1002	0.8002
1003	0.8002
1004	0.79628
1005	0.79628
1006	0.78844
1007	0.78452
1008	0.78452
1009	0.77669
1010	0.77669
1011	0.76885
1012	0.76885
1013	0.76102
1014	0.76102
1015	0.75514
1016	0.75514
1017	0.74926
1018	0.74926
1019	0.74143
1020	0.74143
1021	0.73359
1022	0.73359
1023	0.7238
1024	0.71792
1025	0.71792
1026	0.71009
1027	0.71009
1028	0.69833
1029	0.69833
1030	0.6905
1031	0.6905
1032	0.68266
1033	0.68266
1034	0.66895
1035	0.66895
1036	0.65916
1037	0.65916
1038	0.6474
1039	0.63761
1040	0.63761
1041	0.62586
1042	0.62586
1043	0.61606
1044	0.61606
1045	0.60039
1046	0.60039
1047	0.58864
1048	0.58864
1049	0.57688
1050	0.57688
1051	0.56317
1052	0.56317
1053	0.55142
1054	0.55142
1055	0.53771
1056	0.52399
1057	0.52399
1058	0.50636
1059	0.50636
1060	0.49069
1061	0.49069
1062	0.47698
1063	0.47698
1064	0.46523
1065	0.46523
1066	0.45152
1067	0.45152
1068	0.44172
1069	0.44172
1070	0.42801
1071	0.41626
1072	0.41626
1073	0.40646
1074	0.40646
1075	0.39667
1076	0.39667
1077	0.38687
1078	0.38687
1079	0.37512
1080	0.37512
1081	0.36337
1082	0.36337
1083	0.35161
1084	0.35161
1085	0.33986
1086	0.33986
1087	0.33202
1088	0.32223
1089	0.32223
1090	0.31244
1091	0.31244
1092	0.30068
1093	0.30068
1094	0.29089
1095	0.29089
1096	0.28305
1097	0.28305
1098	0.28109
1099	0.28109
1100	0.27326
