Wvlgth Difuse_horizn_irradiance Global_horizn_irradiance Direct_horizn_irradiance Direct_tilted_irradiance Difuse_tilted_irradiance Global_tilted_irradiance
.3500E+03 .1041E-01 .1041E-01 .2474E-08 .2474E-08 .1041E-01 .1041E-01
.3510E+03 .1086E-01 .1086E-01 .3001E-08 .3001E-08 .1086E-01 .1086E-01
.3520E+03 .1018E-01 .1018E-01 .3285E-08 .3285E-08 .1018E-01 .1018E-01
.3530E+03 .1028E-01 .1028E-01 .3883E-08 .3883E-08 .1028E-01 .1028E-01
.3540E+03 .1199E-01 .1199E-01 .5169E-08 .5169E-08 .1199E-01 .1199E-01
.3550E+03 .1211E-01 .1211E-01 .6055E-08 .6055E-08 .1211E-01 .1211E-01
.3560E+03 .1099E-01 .1099E-01 .6433E-08 .6433E-08 .1099E-01 .1099E-01
.3570E+03 .9059E-02 .9059E-02 .6020E-08 .6020E-08 .9059E-02 .9059E-02
.3580E+03 .8538E-02 .8538E-02 .6433E-08 .6433E-08 .8538E-02 .8538E-02
.3590E+03 .9318E-02 .9318E-02 .7931E-08 .7931E-08 .9318E-02 .9318E-02
.3600E+03 .1185E-01 .1185E-01 .1142E-07 .1142E-07 .1185E-01 .1185E-01
.3610E+03 .1032E-01 .1032E-01 .1145E-07 .1145E-07 .1032E-01 .1032E-01
.3620E+03 .1061E-01 .1061E-01 .1404E-07 .1404E-07 .1061E-01 .1061E-01
.3630E+03 .1195E-01 .1195E-01 .1866E-07 .1866E-07 .1195E-01 .1195E-01
.3640E+03 .1204E-01 .1204E-01 .2180E-07 .2180E-07 .1204E-01 .1204E-01
.3650E+03 .1237E-01 .1237E-01 .2555E-07 .2555E-07 .1237E-01 .1237E-01
.3660E+03 .1458E-01 .1458E-01 .3446E-07 .3446E-07 .1458E-01 .1458E-01
.3670E+03 .1433E-01 .1433E-01 .3846E-07 .3846E-07 .1433E-01 .1433E-01
.3680E+03 .1322E-01 .1322E-01 .3991E-07 .3991E-07 .1322E-01 .1322E-01
.3690E+03 .1371E-01 .1371E-01 .4716E-07 .4716E-07 .1371E-01 .1371E-01
.3700E+03 .1492E-01 .1492E-01 .5843E-07 .5843E-07 .1492E-01 .1492E-01
.3710E+03 .1369E-01 .1369E-01 .6079E-07 .6079E-07 .1369E-01 .1369E-01
.3720E+03 .1330E-01 .1330E-01 .6612E-07 .6612E-07 .1330E-01 .1330E-01
.3730E+03 .1219E-01 .1219E-01 .6844E-07 .6844E-07 .1219E-01 .1219E-01
.3740E+03 .1095E-01 .1095E-01 .6911E-07 .6911E-07 .1095E-01 .1095E-01
.3750E+03 .1158E-01 .1158E-01 .8197E-07 .8197E-07 .1158E-01 .1158E-01
.3760E+03 .1325E-01 .1325E-01 .1039E-06 .1039E-06 .1325E-01 .1325E-01
.3770E+03 .1396E-01 .1396E-01 .1217E-06 .1217E-06 .1396E-01 .1396E-01
.3780E+03 .1676E-01 .1676E-01 .1609E-06 .1609E-06 .1676E-01 .1676E-01
.3790E+03 .1454E-01 .1454E-01 .1529E-06 .1529E-06 .1454E-01 .1454E-01
.3800E+03 .1368E-01 .1368E-01 .1580E-06 .1580E-06 .1368E-01 .1368E-01
.3810E+03 .1490E-01 .1490E-01 .1940E-06 .1940E-06 .1490E-01 .1490E-01
.3820E+03 .1143E-01 .1143E-01 .1684E-06 .1684E-06 .1143E-01 .1143E-01
.3830E+03 .8856E-02 .8856E-02 .1470E-06 .1470E-06 .8856E-02 .8856E-02
.3840E+03 .9906E-02 .9907E-02 .1828E-06 .1828E-06 .9906E-02 .9907E-02
.3850E+03 .1307E-01 .1307E-01 .2678E-06 .2678E-06 .1307E-01 .1307E-01
.3860E+03 .1204E-01 .1204E-01 .2741E-06 .2741E-06 .1204E-01 .1204E-01
.3870E+03 .1261E-01 .1261E-01 .3177E-06 .3177E-06 .1261E-01 .1261E-01
.3880E+03 .1229E-01 .1229E-01 .3409E-06 .3409E-06 .1229E-01 .1229E-01
.3890E+03 .1323E-01 .1323E-01 .4045E-06 .4045E-06 .1323E-01 .1323E-01
.3900E+03 .1536E-01 .1536E-01 .5172E-06 .5172E-06 .1536E-01 .1536E-01
.3910E+03 .1638E-01 .1639E-01 .6064E-06 .6064E-06 .1638E-01 .1639E-01
.3920E+03 .1528E-01 .1528E-01 .6176E-06 .6176E-06 .1528E-01 .1528E-01
.3930E+03 .9207E-02 .9208E-02 .4101E-06 .4101E-06 .9207E-02 .9208E-02
.3940E+03 .9498E-02 .9498E-02 .4630E-06 .4630E-06 .9498E-02 .9498E-02
.3950E+03 .1545E-01 .1545E-01 .8227E-06 .8227E-06 .1545E-01 .1545E-01
.3960E+03 .1445E-01 .1445E-01 .8366E-06 .8366E-06 .1445E-01 .1445E-01
.3970E+03 .8131E-02 .8132E-02 .5168E-06 .5168E-06 .8131E-02 .8132E-02
.3980E+03 .1624E-01 .1624E-01 .1116E-05 .1116E-05 .1624E-01 .1624E-01
.3990E+03 .2034E-01 .2034E-01 .1531E-05 .1531E-05 .2034E-01 .2034E-01
.4000E+03 .2116E-01 .2116E-01 .1718E-05 .1718E-05 .2116E-01 .2116E-01
.4010E+03 .2220E-01 .2220E-01 .1945E-05 .1945E-05 .2220E-01 .2220E-01
.4020E+03 .2305E-01 .2305E-01 .2200E-05 .2200E-05 .2305E-01 .2305E-01
.4030E+03 .2216E-01 .2216E-01 .2301E-05 .2301E-05 .2216E-01 .2216E-01
.4040E+03 .2249E-01 .2249E-01 .2519E-05 .2519E-05 .2249E-01 .2249E-01
.4050E+03 .2190E-01 .2190E-01 .2643E-05 .2643E-05 .2190E-01 .2190E-01
.4060E+03 .2133E-01 .2133E-01 .2797E-05 .2797E-05 .2133E-01 .2133E-01
.4070E+03 .2092E-01 .2092E-01 .2977E-05 .2977E-05 .2092E-01 .2092E-01
.4080E+03 .2179E-01 .2179E-01 .3315E-05 .3315E-05 .2179E-01 .2179E-01
.4090E+03 .2323E-01 .2324E-01 .3808E-05 .3808E-05 .2323E-01 .2324E-01
.4100E+03 .1977E-01 .1978E-01 .3491E-05 .3491E-05 .1977E-01 .1978E-01
.4110E+03 .2211E-01 .2211E-01 .4203E-05 .4203E-05 .2211E-01 .2211E-01
.4120E+03 .2348E-01 .2349E-01 .4821E-05 .4821E-05 .2348E-01 .2349E-01
.4130E+03 .2250E-01 .2251E-01 .4911E-05 .4911E-05 .2250E-01 .2251E-01
.4140E+03 .2223E-01 .2224E-01 .5224E-05 .5224E-05 .2223E-01 .2224E-01
.4150E+03 .2298E-01 .2298E-01 .5805E-05 .5805E-05 .2298E-01 .2298E-01
.4160E+03 .2363E-01 .2363E-01 .6433E-05 .6433E-05 .2363E-01 .2363E-01
.4170E+03 .2301E-01 .2301E-01 .6685E-05 .6685E-05 .2301E-01 .2301E-01
.4180E+03 .2198E-01 .2199E-01 .6817E-05 .6817E-05 .2198E-01 .2199E-01
.4190E+03 .2286E-01 .2287E-01 .7568E-05 .7568E-05 .2286E-01 .2287E-01
.4200E+03 .2093E-01 .2094E-01 .7372E-05 .7372E-05 .2093E-01 .2094E-01
.4210E+03 .2374E-01 .2375E-01 .8930E-05 .8930E-05 .2374E-01 .2375E-01
.4220E+03 .2337E-01 .2338E-01 .9365E-05 .9365E-05 .2337E-01 .2338E-01
.4230E+03 .2258E-01 .2259E-01 .9650E-05 .9650E-05 .2258E-01 .2259E-01
.4240E+03 .2241E-01 .2242E-01 .1017E-04 .1017E-04 .2241E-01 .2242E-01
.4250E+03 .2306E-01 .2307E-01 .1117E-04 .1117E-04 .2306E-01 .2307E-01
.4260E+03 .2239E-01 .2240E-01 .1161E-04 .1161E-04 .2239E-01 .2240E-01
.4270E+03 .2163E-01 .2164E-01 .1185E-04 .1185E-04 .2163E-01 .2164E-01
.4280E+03 .2183E-01 .2185E-01 .1262E-04 .1262E-04 .2183E-01 .2185E-01
.4290E+03 .2022E-01 .2023E-01 .1249E-04 .1249E-04 .2022E-01 .2023E-01
.4300E+03 .1612E-01 .1613E-01 .1055E-04 .1055E-04 .1612E-01 .1613E-01
.4310E+03 .1461E-01 .1462E-01 .1004E-04 .1004E-04 .1461E-01 .1462E-01
.4320E+03 .2426E-01 .2428E-01 .1779E-04 .1779E-04 .2426E-01 .2428E-01
.4330E+03 .2254E-01 .2256E-01 .1749E-04 .1749E-04 .2254E-01 .2256E-01
.4340E+03 .2081E-01 .2083E-01 .1696E-04 .1696E-04 .2081E-01 .2083E-01
.4350E+03 .2283E-01 .2284E-01 .1949E-04 .1949E-04 .2283E-01 .2284E-01
.4360E+03 .2503E-01 .2505E-01 .2272E-04 .2272E-04 .2503E-01 .2505E-01
.4370E+03 .2552E-01 .2555E-01 .2463E-04 .2463E-04 .2552E-01 .2555E-01
.4380E+03 .2235E-01 .2238E-01 .2283E-04 .2283E-04 .2235E-01 .2238E-01
.4390E+03 .2144E-01 .2146E-01 .2266E-04 .2266E-04 .2144E-01 .2146E-01
.4400E+03 .2452E-01 .2454E-01 .2745E-04 .2745E-04 .2452E-01 .2454E-01
.4410E+03 .2412E-01 .2415E-01 .2868E-04 .2868E-04 .2412E-01 .2415E-01
.4420E+03 .2576E-01 .2579E-01 .3190E-04 .3190E-04 .2576E-01 .2579E-01
.4430E+03 .2606E-01 .2609E-01 .3260E-04 .3260E-04 .2606E-01 .2609E-01
.4440E+03 .2544E-01 .2548E-01 .3409E-04 .3409E-04 .2544E-01 .2548E-01
.4450E+03 .2643E-01 .2647E-01 .3648E-04 .3648E-04 .2643E-01 .2647E-01
.4460E+03 .2375E-01 .2378E-01 .3453E-04 .3453E-04 .2375E-01 .2378E-01
.4470E+03 .2704E-01 .2708E-01 .4221E-04 .4221E-04 .2704E-01 .2708E-01
.4480E+03 .2733E-01 .2737E-01 .4435E-04 .4435E-04 .2733E-01 .2737E-01
.4490E+03 .2722E-01 .2727E-01 .4724E-04 .4724E-04 .2722E-01 .2727E-01
.4500E+03 .2817E-01 .2822E-01 .5151E-04 .5151E-04 .2817E-01 .2822E-01
.4510E+03 .2919E-01 .2924E-01 .5584E-04 .5584E-04 .2919E-01 .2924E-01
.4520E+03 .2795E-01 .2801E-01 .5583E-04 .5583E-04 .2795E-01 .2801E-01
.4530E+03 .2583E-01 .2588E-01 .5386E-04 .5386E-04 .2583E-01 .2588E-01
.4540E+03 .2771E-01 .2777E-01 .6063E-04 .6063E-04 .2771E-01 .2777E-01
.4550E+03 .2746E-01 .2752E-01 .6260E-04 .6260E-04 .2746E-01 .2752E-01
.4560E+03 .2831E-01 .2838E-01 .6747E-04 .6747E-04 .2831E-01 .2838E-01
.4570E+03 .2845E-01 .2852E-01 .7082E-04 .7082E-04 .2845E-01 .2852E-01
.4580E+03 .2773E-01 .2780E-01 .7148E-04 .7148E-04 .2773E-01 .2780E-01
.4590E+03 .2739E-01 .2746E-01 .7398E-04 .7398E-04 .2739E-01 .2746E-01
.4600E+03 .2710E-01 .2718E-01 .7604E-04 .7604E-04 .2710E-01 .2718E-01
.4610E+03 .2798E-01 .2807E-01 .8188E-04 .8188E-04 .2798E-01 .2807E-01
.4620E+03 .2825E-01 .2833E-01 .8636E-04 .8636E-04 .2825E-01 .2833E-01
.4630E+03 .2840E-01 .2849E-01 .8925E-04 .8925E-04 .2840E-01 .2849E-01
.4640E+03 .2763E-01 .2772E-01 .9051E-04 .9051E-04 .2763E-01 .2772E-01
.4650E+03 .2738E-01 .2748E-01 .9364E-04 .9364E-04 .2738E-01 .2748E-01
.4660E+03 .2801E-01 .2811E-01 .9971E-04 .9971E-04 .2801E-01 .2811E-01
.4670E+03 .2673E-01 .2683E-01 .9750E-04 .9750E-04 .2673E-01 .2683E-01
.4680E+03 .2783E-01 .2793E-01 .1051E-03 .1051E-03 .2783E-01 .2793E-01
.4690E+03 .2787E-01 .2798E-01 .1085E-03 .1085E-03 .2787E-01 .2798E-01
.4700E+03 .2674E-01 .2685E-01 .1058E-03 .1058E-03 .2674E-01 .2685E-01
.4710E+03 .2720E-01 .2731E-01 .1117E-03 .1117E-03 .2720E-01 .2731E-01
.4720E+03 .2863E-01 .2875E-01 .1203E-03 .1203E-03 .2863E-01 .2875E-01
.4730E+03 .2753E-01 .2765E-01 .1184E-03 .1184E-03 .2753E-01 .2765E-01
.4740E+03 .2782E-01 .2794E-01 .1220E-03 .1220E-03 .2782E-01 .2794E-01
.4750E+03 .2866E-01 .2878E-01 .1270E-03 .1270E-03 .2866E-01 .2878E-01
.4760E+03 .2755E-01 .2767E-01 .1221E-03 .1221E-03 .2755E-01 .2767E-01
.4770E+03 .2757E-01 .2769E-01 .1244E-03 .1244E-03 .2757E-01 .2769E-01
.4780E+03 .2830E-01 .2844E-01 .1345E-03 .1345E-03 .2830E-01 .2844E-01
.4790E+03 .2759E-01 .2773E-01 .1400E-03 .1400E-03 .2759E-01 .2773E-01
.4800E+03 .2788E-01 .2803E-01 .1510E-03 .1510E-03 .2788E-01 .2803E-01
.4810E+03 .2775E-01 .2791E-01 .1602E-03 .1602E-03 .2775E-01 .2791E-01
.4820E+03 .2781E-01 .2798E-01 .1695E-03 .1695E-03 .2781E-01 .2798E-01
.4830E+03 .2751E-01 .2768E-01 .1758E-03 .1758E-03 .2751E-01 .2768E-01
.4840E+03 .2707E-01 .2725E-01 .1782E-03 .1782E-03 .2707E-01 .2725E-01
.4850E+03 .2709E-01 .2727E-01 .1818E-03 .1818E-03 .2709E-01 .2727E-01
.4860E+03 .2205E-01 .2220E-01 .1532E-03 .1532E-03 .2205E-01 .2220E-01
.4870E+03 .2476E-01 .2493E-01 .1782E-03 .1782E-03 .2476E-01 .2493E-01
.4880E+03 .2679E-01 .2698E-01 .1978E-03 .1978E-03 .2679E-01 .2698E-01
.4890E+03 .2518E-01 .2537E-01 .1902E-03 .1902E-03 .2518E-01 .2537E-01
.4900E+03 .2808E-01 .2830E-01 .2210E-03 .2210E-03 .2808E-01 .2830E-01
.4910E+03 .2693E-01 .2715E-01 .2203E-03 .2203E-03 .2693E-01 .2715E-01
.4920E+03 .2566E-01 .2587E-01 .2161E-03 .2161E-03 .2566E-01 .2587E-01
.4930E+03 .2744E-01 .2768E-01 .2375E-03 .2375E-03 .2744E-01 .2768E-01
.4940E+03 .2679E-01 .2703E-01 .2379E-03 .2379E-03 .2679E-01 .2703E-01
.4950E+03 .2843E-01 .2869E-01 .2594E-03 .2594E-03 .2843E-01 .2869E-01
.4960E+03 .2698E-01 .2723E-01 .2525E-03 .2525E-03 .2698E-01 .2723E-01
.4970E+03 .2733E-01 .2759E-01 .2636E-03 .2636E-03 .2733E-01 .2759E-01
.4980E+03 .2643E-01 .2669E-01 .2631E-03 .2631E-03 .2643E-01 .2669E-01
.4990E+03 .2624E-01 .2651E-01 .2688E-03 .2688E-03 .2624E-01 .2651E-01
.5000E+03 .2596E-01 .2623E-01 .2718E-03 .2718E-03 .2596E-01 .2623E-01
.5010E+03 .2497E-01 .2524E-01 .2672E-03 .2672E-03 .2497E-01 .2524E-01
.5020E+03 .2471E-01 .2497E-01 .2611E-03 .2611E-03 .2471E-01 .2497E-01
.5030E+03 .2560E-01 .2587E-01 .2663E-03 .2663E-03 .2560E-01 .2587E-01
.5040E+03 .2346E-01 .2368E-01 .2161E-03 .2161E-03 .2346E-01 .2368E-01
.5050E+03 .2535E-01 .2563E-01 .2800E-03 .2800E-03 .2535E-01 .2563E-01
.5060E+03 .2631E-01 .2661E-01 .2956E-03 .2956E-03 .2631E-01 .2661E-01
.5070E+03 .2519E-01 .2548E-01 .2865E-03 .2865E-03 .2519E-01 .2548E-01
.5080E+03 .2467E-01 .2496E-01 .2922E-03 .2922E-03 .2467E-01 .2496E-01
.5090E+03 .2598E-01 .2631E-01 .3208E-03 .3208E-03 .2598E-01 .2631E-01
.5100E+03 .2541E-01 .2573E-01 .3279E-03 .3279E-03 .2541E-01 .2573E-01
.5110E+03 .2595E-01 .2630E-01 .3514E-03 .3514E-03 .2595E-01 .2630E-01
.5120E+03 .2665E-01 .2702E-01 .3767E-03 .3767E-03 .2665E-01 .2702E-01
.5130E+03 .2500E-01 .2536E-01 .3652E-03 .3652E-03 .2500E-01 .2536E-01
.5140E+03 .2441E-01 .2478E-01 .3697E-03 .3697E-03 .2441E-01 .2478E-01
.5150E+03 .2505E-01 .2544E-01 .3892E-03 .3892E-03 .2505E-01 .2544E-01
.5160E+03 .2522E-01 .2562E-01 .4006E-03 .4006E-03 .2522E-01 .2562E-01
.5170E+03 .2051E-01 .2085E-01 .3351E-03 .3351E-03 .2051E-01 .2085E-01
.5180E+03 .2342E-01 .2381E-01 .3910E-03 .3910E-03 .2342E-01 .2381E-01
.5190E+03 .2265E-01 .2304E-01 .3861E-03 .3861E-03 .2265E-01 .2304E-01
.5200E+03 .2467E-01 .2509E-01 .4283E-03 .4283E-03 .2467E-01 .2509E-01
.5210E+03 .2476E-01 .2520E-01 .4391E-03 .4391E-03 .2476E-01 .2520E-01
.5220E+03 .2520E-01 .2565E-01 .4558E-03 .4558E-03 .2520E-01 .2565E-01
.5230E+03 .2367E-01 .2411E-01 .4374E-03 .4374E-03 .2367E-01 .2411E-01
.5240E+03 .2529E-01 .2576E-01 .4699E-03 .4699E-03 .2529E-01 .2576E-01
.5250E+03 .2491E-01 .2537E-01 .4676E-03 .4676E-03 .2491E-01 .2537E-01
.5260E+03 .2407E-01 .2454E-01 .4681E-03 .4681E-03 .2407E-01 .2454E-01
.5270E+03 .2089E-01 .2129E-01 .4072E-03 .4072E-03 .2089E-01 .2129E-01
.5280E+03 .2375E-01 .2423E-01 .4751E-03 .4751E-03 .2375E-01 .2422E-01
.5290E+03 .2470E-01 .2520E-01 .4988E-03 .4988E-03 .2470E-01 .2520E-01
.5300E+03 .2362E-01 .2411E-01 .4873E-03 .4873E-03 .2361E-01 .2410E-01
.5310E+03 .2479E-01 .2531E-01 .5229E-03 .5229E-03 .2477E-01 .2530E-01
.5320E+03 .2426E-01 .2478E-01 .5243E-03 .5243E-03 .2424E-01 .2477E-01
.5330E+03 .2162E-01 .2210E-01 .4776E-03 .4776E-03 .2160E-01 .2208E-01
.5340E+03 .2315E-01 .2367E-01 .5241E-03 .5241E-03 .2313E-01 .2365E-01
.5350E+03 .2351E-01 .2406E-01 .5458E-03 .5458E-03 .2349E-01 .2404E-01
.5360E+03 .2454E-01 .2512E-01 .5823E-03 .5823E-03 .2451E-01 .2509E-01
.5370E+03 .2271E-01 .2327E-01 .5527E-03 .5527E-03 .2269E-01 .2324E-01
.5380E+03 .2384E-01 .2443E-01 .5908E-03 .5908E-03 .2380E-01 .2440E-01
.5390E+03 .2320E-01 .2379E-01 .5852E-03 .5852E-03 .2317E-01 .2376E-01
.5400E+03 .2232E-01 .2288E-01 .5586E-03 .5586E-03 .2229E-01 .2285E-01
.5410E+03 .2132E-01 .2182E-01 .5045E-03 .5045E-03 .2128E-01 .2179E-01
.5420E+03 .2310E-01 .2366E-01 .5609E-03 .5609E-03 .2306E-01 .2362E-01
.5430E+03 .2271E-01 .2331E-01 .5996E-03 .5996E-03 .2266E-01 .2326E-01
.5440E+03 .2337E-01 .2397E-01 .5993E-03 .5993E-03 .2332E-01 .2392E-01
.5450E+03 .2280E-01 .2340E-01 .6027E-03 .6027E-03 .2275E-01 .2335E-01
.5460E+03 .2247E-01 .2304E-01 .5760E-03 .5760E-03 .2242E-01 .2299E-01
.5470E+03 .2277E-01 .2339E-01 .6197E-03 .6197E-03 .2272E-01 .2334E-01
.5480E+03 .2211E-01 .2275E-01 .6334E-03 .6334E-03 .2206E-01 .2269E-01
.5490E+03 .2278E-01 .2346E-01 .6755E-03 .6755E-03 .2272E-01 .2340E-01
.5500E+03 .2257E-01 .2325E-01 .6851E-03 .6851E-03 .2250E-01 .2319E-01
.5510E+03 .2251E-01 .2321E-01 .7046E-03 .7046E-03 .2244E-01 .2315E-01
.5520E+03 .2293E-01 .2367E-01 .7360E-03 .7360E-03 .2286E-01 .2360E-01
.5530E+03 .2223E-01 .2295E-01 .7244E-03 .7244E-03 .2216E-01 .2288E-01
.5540E+03 .2260E-01 .2335E-01 .7505E-03 .7505E-03 .2253E-01 .2328E-01
.5550E+03 .2265E-01 .2341E-01 .7615E-03 .7615E-03 .2257E-01 .2333E-01
.5560E+03 .2218E-01 .2294E-01 .7561E-03 .7561E-03 .2210E-01 .2286E-01
.5570E+03 .2154E-01 .2229E-01 .7442E-03 .7442E-03 .2146E-01 .2221E-01
.5580E+03 .2188E-01 .2264E-01 .7632E-03 .7632E-03 .2180E-01 .2256E-01
.5590E+03 .2057E-01 .2129E-01 .7243E-03 .7243E-03 .2049E-01 .2121E-01
.5600E+03 .2081E-01 .2155E-01 .7448E-03 .7448E-03 .2072E-01 .2147E-01
.5610E+03 .2188E-01 .2268E-01 .7946E-03 .7946E-03 .2179E-01 .2259E-01
.5620E+03 .2070E-01 .2146E-01 .7588E-03 .7588E-03 .2061E-01 .2137E-01
.5630E+03 .2135E-01 .2214E-01 .7868E-03 .7868E-03 .2126E-01 .2205E-01
.5640E+03 .2084E-01 .2161E-01 .7717E-03 .7717E-03 .2075E-01 .2152E-01
.5650E+03 .2088E-01 .2166E-01 .7768E-03 .7768E-03 .2078E-01 .2156E-01
.5660E+03 .1967E-01 .2040E-01 .7316E-03 .7316E-03 .1958E-01 .2031E-01
.5670E+03 .2087E-01 .2164E-01 .7680E-03 .7680E-03 .2077E-01 .2154E-01
.5680E+03 .2053E-01 .2122E-01 .6932E-03 .6932E-03 .2042E-01 .2112E-01
.5690E+03 .1975E-01 .2035E-01 .6065E-03 .6065E-03 .1964E-01 .2025E-01
.5700E+03 .1979E-01 .2042E-01 .6319E-03 .6319E-03 .1968E-01 .2032E-01
.5710E+03 .1920E-01 .1985E-01 .6556E-03 .6556E-03 .1909E-01 .1975E-01
.5720E+03 .2010E-01 .2074E-01 .6408E-03 .6408E-03 .1999E-01 .2063E-01
.5730E+03 .2016E-01 .2081E-01 .6478E-03 .6478E-03 .2005E-01 .2069E-01
.5740E+03 .2005E-01 .2069E-01 .6365E-03 .6365E-03 .1993E-01 .2057E-01
.5750E+03 .1959E-01 .2019E-01 .6066E-03 .6066E-03 .1947E-01 .2008E-01
.5760E+03 .1946E-01 .2007E-01 .6040E-03 .6040E-03 .1935E-01 .1995E-01
.5770E+03 .2001E-01 .2064E-01 .6297E-03 .6297E-03 .1988E-01 .2051E-01
.5780E+03 .1947E-01 .2013E-01 .6539E-03 .6539E-03 .1935E-01 .2000E-01
.5790E+03 .1983E-01 .2055E-01 .7191E-03 .7191E-03 .1970E-01 .2042E-01
.5800E+03 .2023E-01 .2103E-01 .8000E-03 .8000E-03 .2010E-01 .2090E-01
.5810E+03 .2040E-01 .2126E-01 .8654E-03 .8654E-03 .2026E-01 .2112E-01
.5820E+03 .2076E-01 .2169E-01 .9281E-03 .9281E-03 .2062E-01 .2155E-01
.5830E+03 .2102E-01 .2201E-01 .9866E-03 .9866E-03 .2087E-01 .2186E-01
.5840E+03 .2100E-01 .2201E-01 .1011E-02 .1011E-02 .2085E-01 .2186E-01
.5850E+03 .2084E-01 .2186E-01 .1022E-02 .1022E-02 .2069E-01 .2171E-01
.5860E+03 .2031E-01 .2130E-01 .9910E-03 .9910E-03 .2016E-01 .2115E-01
.5870E+03 .2067E-01 .2160E-01 .9367E-03 .9367E-03 .2051E-01 .2145E-01
.5880E+03 .1981E-01 .2057E-01 .7556E-03 .7556E-03 .1966E-01 .2042E-01
.5890E+03 .1659E-01 .1702E-01 .4292E-03 .4292E-03 .1646E-01 .1689E-01
.5900E+03 .1763E-01 .1807E-01 .4388E-03 .4388E-03 .1749E-01 .1793E-01
.5910E+03 .1908E-01 .1969E-01 .6088E-03 .6088E-03 .1893E-01 .1953E-01
.5920E+03 .1849E-01 .1904E-01 .5490E-03 .5490E-03 .1834E-01 .1889E-01
.5930E+03 .1893E-01 .1978E-01 .8566E-03 .8566E-03 .1877E-01 .1962E-01
.5940E+03 .1865E-01 .1934E-01 .6860E-03 .6860E-03 .1850E-01 .1918E-01
.5950E+03 .1813E-01 .1901E-01 .8779E-03 .8779E-03 .1798E-01 .1885E-01
.5960E+03 .1902E-01 .1989E-01 .8747E-03 .8747E-03 .1885E-01 .1973E-01
.5970E+03 .1892E-01 .1988E-01 .9608E-03 .9608E-03 .1875E-01 .1971E-01
.5980E+03 .1868E-01 .1956E-01 .8754E-03 .8754E-03 .1851E-01 .1939E-01
.5990E+03 .1866E-01 .1962E-01 .9604E-03 .9604E-03 .1849E-01 .1945E-01
.6000E+03 .1891E-01 .1996E-01 .1044E-02 .1044E-02 .1874E-01 .1978E-01
.6010E+03 .1875E-01 .1987E-01 .1120E-02 .1120E-02 .1857E-01 .1969E-01
.6020E+03 .1847E-01 .1963E-01 .1161E-02 .1161E-02 .1829E-01 .1945E-01
.6030E+03 .1889E-01 .2011E-01 .1219E-02 .1219E-02 .1870E-01 .1992E-01
.6040E+03 .1925E-01 .2053E-01 .1273E-02 .1273E-02 .1906E-01 .2034E-01
.6050E+03 .1927E-01 .2058E-01 .1311E-02 .1311E-02 .1908E-01 .2039E-01
.6060E+03 .1924E-01 .2059E-01 .1346E-02 .1346E-02 .1904E-01 .2039E-01
.6070E+03 .1944E-01 .2083E-01 .1396E-02 .1396E-02 .1924E-01 .2063E-01
.6080E+03 .1946E-01 .2089E-01 .1430E-02 .1430E-02 .1926E-01 .2069E-01
.6090E+03 .1941E-01 .2086E-01 .1450E-02 .1450E-02 .1920E-01 .2065E-01
.6100E+03 .1942E-01 .2089E-01 .1468E-02 .1468E-02 .1921E-01 .2068E-01
.6110E+03 .1942E-01 .2090E-01 .1489E-02 .1489E-02 .1920E-01 .2069E-01
.6120E+03 .1980E-01 .2133E-01 .1530E-02 .1530E-02 .1958E-01 .2111E-01
.6130E+03 .1961E-01 .2114E-01 .1527E-02 .1527E-02 .1939E-01 .2092E-01
.6140E+03 .1910E-01 .2061E-01 .1506E-02 .1506E-02 .1889E-01 .2039E-01
.6150E+03 .1989E-01 .2148E-01 .1594E-02 .1594E-02 .1966E-01 .2125E-01
.6160E+03 .1944E-01 .2102E-01 .1577E-02 .1577E-02 .1921E-01 .2079E-01
.6170E+03 .1926E-01 .2084E-01 .1575E-02 .1575E-02 .1903E-01 .2061E-01
.6180E+03 .2006E-01 .2171E-01 .1650E-02 .1650E-02 .1982E-01 .2147E-01
.6190E+03 .2021E-01 .2188E-01 .1669E-02 .1669E-02 .1997E-01 .2164E-01
.6200E+03 .2026E-01 .2193E-01 .1665E-02 .1665E-02 .2001E-01 .2168E-01
.6210E+03 .2039E-01 .2203E-01 .1640E-02 .1640E-02 .2014E-01 .2178E-01
.6220E+03 .1967E-01 .2115E-01 .1482E-02 .1482E-02 .1942E-01 .2091E-01
.6230E+03 .1954E-01 .2092E-01 .1381E-02 .1381E-02 .1930E-01 .2068E-01
.6240E+03 .1952E-01 .2095E-01 .1429E-02 .1429E-02 .1927E-01 .2070E-01
.6250E+03 .1945E-01 .2093E-01 .1482E-02 .1482E-02 .1920E-01 .2068E-01
.6260E+03 .1945E-01 .2092E-01 .1470E-02 .1470E-02 .1919E-01 .2066E-01
.6270E+03 .1996E-01 .2134E-01 .1381E-02 .1381E-02 .1970E-01 .2108E-01
.6280E+03 .1870E-01 .1936E-01 .6609E-03 .6609E-03 .1845E-01 .1911E-01
.6290E+03 .1955E-01 .2065E-01 .1095E-02 .1095E-02 .1929E-01 .2038E-01
.6300E+03 .1941E-01 .2051E-01 .1102E-02 .1102E-02 .1915E-01 .2025E-01
.6310E+03 .1987E-01 .2127E-01 .1400E-02 .1400E-02 .1960E-01 .2100E-01
.6320E+03 .1908E-01 .2047E-01 .1390E-02 .1390E-02 .1882E-01 .2021E-01
.6330E+03 .2042E-01 .2205E-01 .1631E-02 .1631E-02 .2013E-01 .2176E-01
.6340E+03 .2021E-01 .2198E-01 .1762E-02 .1762E-02 .1993E-01 .2169E-01
.6350E+03 .2051E-01 .2237E-01 .1855E-02 .1855E-02 .2022E-01 .2207E-01
.6360E+03 .2012E-01 .2199E-01 .1864E-02 .1864E-02 .1983E-01 .2169E-01
.6370E+03 .2087E-01 .2285E-01 .1978E-02 .1978E-02 .2056E-01 .2254E-01
.6380E+03 .2112E-01 .2323E-01 .2111E-02 .2111E-02 .2081E-01 .2292E-01
.6390E+03 .2110E-01 .2325E-01 .2154E-02 .2154E-02 .2078E-01 .2294E-01
.6400E+03 .2074E-01 .2294E-01 .2197E-02 .2197E-02 .2043E-01 .2262E-01
.6410E+03 .2081E-01 .2305E-01 .2244E-02 .2244E-02 .2049E-01 .2274E-01
.6420E+03 .2093E-01 .2326E-01 .2332E-02 .2332E-02 .2060E-01 .2293E-01
.6430E+03 .2117E-01 .2352E-01 .2356E-02 .2356E-02 .2084E-01 .2319E-01
.6440E+03 .2114E-01 .2355E-01 .2406E-02 .2406E-02 .2081E-01 .2322E-01
.6450E+03 .2127E-01 .2357E-01 .2295E-02 .2295E-02 .2093E-01 .2323E-01
.6460E+03 .2047E-01 .2248E-01 .2007E-02 .2007E-02 .2014E-01 .2215E-01
.6470E+03 .2006E-01 .2207E-01 .2005E-02 .2005E-02 .1974E-01 .2174E-01
.6480E+03 .1979E-01 .2133E-01 .1542E-02 .1542E-02 .1946E-01 .2101E-01
.6490E+03 .1924E-01 .2105E-01 .1809E-02 .1809E-02 .1892E-01 .2073E-01
.6500E+03 .1981E-01 .2185E-01 .2035E-02 .2035E-02 .1948E-01 .2152E-01
.6510E+03 .2117E-01 .2347E-01 .2303E-02 .2303E-02 .2081E-01 .2312E-01
.6520E+03 .1973E-01 .2131E-01 .1583E-02 .1583E-02 .1940E-01 .2098E-01
.6530E+03 .2102E-01 .2338E-01 .2360E-02 .2360E-02 .2065E-01 .2301E-01
.6540E+03 .2085E-01 .2323E-01 .2379E-02 .2379E-02 .2049E-01 .2287E-01
.6550E+03 .1967E-01 .2158E-01 .1906E-02 .1906E-02 .1933E-01 .2123E-01
.6560E+03 .1742E-01 .1922E-01 .1801E-02 .1801E-02 .1711E-01 .1891E-01
.6570E+03 .1823E-01 .2021E-01 .1987E-02 .1987E-02 .1790E-01 .1989E-01
.6580E+03 .2057E-01 .2297E-01 .2401E-02 .2401E-02 .2020E-01 .2260E-01
.6590E+03 .2074E-01 .2327E-01 .2535E-02 .2535E-02 .2036E-01 .2289E-01
.6600E+03 .2092E-01 .2338E-01 .2464E-02 .2464E-02 .2054E-01 .2300E-01
.6610E+03 .2094E-01 .2335E-01 .2411E-02 .2411E-02 .2055E-01 .2296E-01
.6620E+03 .2083E-01 .2314E-01 .2305E-02 .2305E-02 .2044E-01 .2275E-01
.6630E+03 .2090E-01 .2334E-01 .2442E-02 .2442E-02 .2050E-01 .2295E-01
.6640E+03 .2116E-01 .2389E-01 .2727E-02 .2727E-02 .2076E-01 .2349E-01
.6650E+03 .2161E-01 .2458E-01 .2975E-02 .2975E-02 .2119E-01 .2417E-01
.6660E+03 .2166E-01 .2480E-01 .3146E-02 .3146E-02 .2124E-01 .2438E-01
.6670E+03 .2157E-01 .2483E-01 .3262E-02 .3262E-02 .2115E-01 .2441E-01
.6680E+03 .2170E-01 .2513E-01 .3426E-02 .3426E-02 .2128E-01 .2471E-01
.6690E+03 .2212E-01 .2566E-01 .3539E-02 .3539E-02 .2168E-01 .2522E-01
.6700E+03 .2185E-01 .2541E-01 .3559E-02 .3559E-02 .2141E-01 .2497E-01
.6710E+03 .2185E-01 .2545E-01 .3604E-02 .3604E-02 .2141E-01 .2501E-01
.6720E+03 .2158E-01 .2518E-01 .3596E-02 .3596E-02 .2115E-01 .2474E-01
.6730E+03 .2181E-01 .2548E-01 .3675E-02 .3675E-02 .2136E-01 .2504E-01
.6740E+03 .2181E-01 .2553E-01 .3717E-02 .3717E-02 .2136E-01 .2508E-01
.6750E+03 .2166E-01 .2540E-01 .3731E-02 .3731E-02 .2121E-01 .2495E-01
.6760E+03 .2195E-01 .2576E-01 .3815E-02 .3815E-02 .2149E-01 .2530E-01
.6770E+03 .2177E-01 .2559E-01 .3815E-02 .3815E-02 .2131E-01 .2513E-01
.6780E+03 .2191E-01 .2578E-01 .3867E-02 .3867E-02 .2145E-01 .2531E-01
.6790E+03 .2175E-01 .2562E-01 .3872E-02 .3872E-02 .2129E-01 .2516E-01
.6800E+03 .2180E-01 .2571E-01 .3906E-02 .3906E-02 .2133E-01 .2523E-01
.6810E+03 .2172E-01 .2562E-01 .3899E-02 .3899E-02 .2125E-01 .2514E-01
.6820E+03 .2182E-01 .2576E-01 .3937E-02 .3937E-02 .2134E-01 .2528E-01
.6830E+03 .2158E-01 .2548E-01 .3898E-02 .3898E-02 .2111E-01 .2500E-01
.6840E+03 .2144E-01 .2528E-01 .3842E-02 .3842E-02 .2096E-01 .2480E-01
.6850E+03 .2147E-01 .2542E-01 .3946E-02 .3946E-02 .2099E-01 .2494E-01
.6860E+03 .2098E-01 .2476E-01 .3777E-02 .3777E-02 .2051E-01 .2429E-01
.6870E+03 .1441E-01 .1444E-01 .2887E-04 .2887E-04 .1409E-01 .1412E-01
.6880E+03 .1706E-01 .1727E-01 .2176E-03 .2176E-03 .1666E-01 .1688E-01
.6890E+03 .1718E-01 .1741E-01 .2300E-03 .2300E-03 .1679E-01 .1702E-01
.6900E+03 .1813E-01 .1856E-01 .4269E-03 .4269E-03 .1771E-01 .1813E-01
.6910E+03 .1899E-01 .1982E-01 .8367E-03 .8367E-03 .1854E-01 .1938E-01
.6920E+03 .1939E-01 .2066E-01 .1261E-02 .1261E-02 .1894E-01 .2020E-01
.6930E+03 .1860E-01 .1981E-01 .1205E-02 .1205E-02 .1816E-01 .1936E-01
.6940E+03 .1807E-01 .1946E-01 .1387E-02 .1387E-02 .1764E-01 .1903E-01
.6950E+03 .1892E-01 .2102E-01 .2094E-02 .2094E-02 .1846E-01 .2056E-01
.6960E+03 .1890E-01 .2109E-01 .2185E-02 .2185E-02 .1844E-01 .2063E-01
.6970E+03 .2074E-01 .2427E-01 .3521E-02 .3521E-02 .2024E-01 .2376E-01
.6980E+03 .2039E-01 .2351E-01 .3112E-02 .3112E-02 .1989E-01 .2300E-01
.6990E+03 .1943E-01 .2175E-01 .2321E-02 .2321E-02 .1895E-01 .2127E-01
.7000E+03 .1926E-01 .2152E-01 .2263E-02 .2263E-02 .1877E-01 .2104E-01
