Wvlgth Difuse_horizn_irradiance Global_horizn_irradiance Direct_horizn_irradiance Direct_tilted_irradiance Difuse_tilted_irradiance Global_tilted_irradiance
.3500E+03 .4831E-01 .4874E-01 .4329E-03 .4329E-03 .4831E-01 .4874E-01
.3510E+03 .5029E-01 .5076E-01 .4747E-03 .4747E-03 .5029E-01 .5076E-01
.3520E+03 .4704E-01 .4751E-01 .4690E-03 .4690E-03 .4704E-01 .4751E-01
.3530E+03 .4720E-01 .4770E-01 .4981E-03 .4981E-03 .4720E-01 .4770E-01
.3540E+03 .5476E-01 .5536E-01 .6043E-03 .6043E-03 .5476E-01 .5536E-01
.3550E+03 .5515E-01 .5580E-01 .6412E-03 .6412E-03 .5515E-01 .5580E-01
.3560E+03 .4988E-01 .5049E-01 .6140E-03 .6140E-03 .4988E-01 .5049E-01
.3570E+03 .4099E-01 .4152E-01 .5276E-03 .5276E-03 .4099E-01 .4152E-01
.3580E+03 .3851E-01 .3903E-01 .5186E-03 .5186E-03 .3851E-01 .3903E-01
.3590E+03 .4192E-01 .4251E-01 .5901E-03 .5901E-03 .4192E-01 .4251E-01
.3600E+03 .5322E-01 .5400E-01 .7829E-03 .7829E-03 .5322E-01 .5400E-01
.3610E+03 .4620E-01 .4692E-01 .7132E-03 .7132E-03 .4620E-01 .4692E-01
.3620E+03 .4737E-01 .4815E-01 .7763E-03 .7763E-03 .4737E-01 .4815E-01
.3630E+03 .5326E-01 .5419E-01 .9231E-03 .9231E-03 .5326E-01 .5419E-01
.3640E+03 .5352E-01 .5450E-01 .9762E-03 .9762E-03 .5352E-01 .5450E-01
.3650E+03 .5489E-01 .5594E-01 .1047E-02 .1047E-02 .5489E-01 .5594E-01
.3660E+03 .6459E-01 .6588E-01 .1291E-02 .1291E-02 .6459E-01 .6588E-01
.3670E+03 .6336E-01 .6468E-01 .1323E-02 .1323E-02 .6336E-01 .6468E-01
.3680E+03 .5836E-01 .5963E-01 .1268E-02 .1268E-02 .5836E-01 .5963E-01
.3690E+03 .6045E-01 .6183E-01 .1375E-02 .1375E-02 .6045E-01 .6183E-01
.3700E+03 .6572E-01 .6728E-01 .1564E-02 .1564E-02 .6572E-01 .6728E-01
.3710E+03 .6022E-01 .6172E-01 .1498E-02 .1498E-02 .6022E-01 .6172E-01
.3720E+03 .5844E-01 .5995E-01 .1510E-02 .1510E-02 .5844E-01 .5995E-01
.3730E+03 .5351E-01 .5495E-01 .1442E-02 .1442E-02 .5351E-01 .5495E-01
.3740E+03 .4800E-01 .4934E-01 .1348E-02 .1348E-02 .4800E-01 .4934E-01
.3750E+03 .5073E-01 .5221E-01 .1482E-02 .1482E-02 .5073E-01 .5221E-01
.3760E+03 .5795E-01 .5970E-01 .1753E-02 .1753E-02 .5795E-01 .5970E-01
.3770E+03 .6104E-01 .6295E-01 .1916E-02 .1916E-02 .6104E-01 .6295E-01
.3780E+03 .7319E-01 .7557E-01 .2378E-02 .2378E-02 .7319E-01 .7557E-01
.3790E+03 .6348E-01 .6561E-01 .2129E-02 .2129E-02 .6348E-01 .6561E-01
.3800E+03 .5969E-01 .6175E-01 .2066E-02 .2066E-02 .5969E-01 .6175E-01
.3810E+03 .6495E-01 .6730E-01 .2343E-02 .2343E-02 .6495E-01 .6730E-01
.3820E+03 .4982E-01 .5169E-01 .1873E-02 .1873E-02 .4982E-01 .5169E-01
.3830E+03 .3857E-01 .4008E-01 .1510E-02 .1510E-02 .3857E-01 .4008E-01
.3840E+03 .4313E-01 .4487E-01 .1750E-02 .1750E-02 .4313E-01 .4487E-01
.3850E+03 .5688E-01 .5927E-01 .2392E-02 .2392E-02 .5688E-01 .5927E-01
.3860E+03 .5235E-01 .5464E-01 .2284E-02 .2284E-02 .5235E-01 .5464E-01
.3870E+03 .5482E-01 .5730E-01 .2476E-02 .2476E-02 .5482E-01 .5730E-01
.3880E+03 .5341E-01 .5590E-01 .2493E-02 .2493E-02 .5341E-01 .5590E-01
.3890E+03 .5748E-01 .6025E-01 .2774E-02 .2774E-02 .5748E-01 .6025E-01
.3900E+03 .6671E-01 .7004E-01 .3328E-02 .3328E-02 .6671E-01 .7004E-01
.3910E+03 .7114E-01 .7481E-01 .3666E-02 .3666E-02 .7114E-01 .7481E-01
.3920E+03 .6631E-01 .6983E-01 .3520E-02 .3520E-02 .6631E-01 .6983E-01
.3930E+03 .3995E-01 .4215E-01 .2194E-02 .2194E-02 .3995E-01 .4215E-01
.3940E+03 .4120E-01 .4354E-01 .2335E-02 .2335E-02 .4120E-01 .4354E-01
.3950E+03 .6701E-01 .7092E-01 .3913E-02 .3913E-02 .6701E-01 .7092E-01
.3960E+03 .6265E-01 .6641E-01 .3763E-02 .3763E-02 .6265E-01 .6641E-01
.3970E+03 .3524E-01 .3743E-01 .2187E-02 .2187E-02 .3524E-01 .3743E-01
.3980E+03 .7036E-01 .7484E-01 .4480E-02 .4480E-02 .7036E-01 .7484E-01
.3990E+03 .8810E-01 .9390E-01 .5794E-02 .5794E-02 .8810E-01 .9390E-01
.4000E+03 .9161E-01 .9779E-01 .6177E-02 .6177E-02 .9161E-01 .9779E-01
.4010E+03 .9354E-01 .1002E+00 .6613E-02 .6613E-02 .9354E-01 .1002E+00
.4020E+03 .9709E-01 .1042E+00 .7074E-02 .7074E-02 .9709E-01 .1042E+00
.4030E+03 .9335E-01 .1004E+00 .7002E-02 .7002E-02 .9335E-01 .1004E+00
.4040E+03 .9470E-01 .1020E+00 .7287E-02 .7287E-02 .9470E-01 .1020E+00
.4050E+03 .9222E-01 .9949E-01 .7275E-02 .7275E-02 .9222E-01 .9949E-01
.4060E+03 .8980E-01 .9709E-01 .7293E-02 .7293E-02 .8980E-01 .9709E-01
.4070E+03 .8803E-01 .9539E-01 .7361E-02 .7361E-02 .8803E-01 .9539E-01
.4080E+03 .9171E-01 .9955E-01 .7837E-02 .7837E-02 .9171E-01 .9955E-01
.4090E+03 .9775E-01 .1063E+00 .8571E-02 .8571E-02 .9775E-01 .1063E+00
.4100E+03 .8318E-01 .9066E-01 .7482E-02 .7482E-02 .8318E-01 .9066E-01
.4110E+03 .9296E-01 .1015E+00 .8580E-02 .8580E-02 .9296E-01 .1015E+00
.4120E+03 .9868E-01 .1080E+00 .9357E-02 .9357E-02 .9868E-01 .1080E+00
.4130E+03 .9452E-01 .1037E+00 .9140E-02 .9140E-02 .9452E-01 .1037E+00
.4140E+03 .9334E-01 .1026E+00 .9263E-02 .9263E-02 .9334E-01 .1026E+00
.4150E+03 .9642E-01 .1062E+00 .9818E-02 .9818E-02 .9642E-01 .1062E+00
.4160E+03 .9911E-01 .1095E+00 .1037E-01 .1037E-01 .9911E-01 .1095E+00
.4170E+03 .9647E-01 .1068E+00 .1032E-01 .1032E-01 .9647E-01 .1068E+00
.4180E+03 .9211E-01 .1022E+00 .1007E-01 .1007E-01 .9211E-01 .1022E+00
.4190E+03 .9573E-01 .1064E+00 .1071E-01 .1071E-01 .9573E-01 .1064E+00
.4200E+03 .8756E-01 .9757E-01 .1001E-01 .1001E-01 .8756E-01 .9757E-01
.4210E+03 .9925E-01 .1109E+00 .1161E-01 .1161E-01 .9925E-01 .1109E+00
.4220E+03 .9766E-01 .1093E+00 .1168E-01 .1168E-01 .9766E-01 .1093E+00
.4230E+03 .9431E-01 .1059E+00 .1154E-01 .1154E-01 .9431E-01 .1059E+00
.4240E+03 .9354E-01 .1052E+00 .1169E-01 .1169E-01 .9354E-01 .1052E+00
.4250E+03 .9618E-01 .1085E+00 .1231E-01 .1231E-01 .9618E-01 .1085E+00
.4260E+03 .9330E-01 .1055E+00 .1224E-01 .1224E-01 .9330E-01 .1055E+00
.4270E+03 .8999E-01 .1020E+00 .1203E-01 .1203E-01 .8999E-01 .1020E+00
.4280E+03 .9074E-01 .1031E+00 .1235E-01 .1235E-01 .9074E-01 .1031E+00
.4290E+03 .8392E-01 .9562E-01 .1170E-01 .1170E-01 .8392E-01 .9562E-01
.4300E+03 .6682E-01 .7633E-01 .9509E-02 .9509E-02 .6682E-01 .7633E-01
.4310E+03 .6050E-01 .6925E-01 .8753E-02 .8753E-02 .6050E-01 .6925E-01
.4320E+03 .1004E+00 .1153E+00 .1488E-01 .1488E-01 .1004E+00 .1153E+00
.4330E+03 .9316E-01 .1073E+00 .1410E-01 .1410E-01 .9316E-01 .1073E+00
.4340E+03 .8588E-01 .9910E-01 .1322E-01 .1322E-01 .8588E-01 .9910E-01
.4350E+03 .9404E-01 .1087E+00 .1470E-01 .1470E-01 .9404E-01 .1087E+00
.4360E+03 .1030E+00 .1194E+00 .1647E-01 .1647E-01 .1030E+00 .1194E+00
.4370E+03 .1048E+00 .1220E+00 .1716E-01 .1716E-01 .1048E+00 .1220E+00
.4380E+03 .9171E-01 .1071E+00 .1534E-01 .1534E-01 .9171E-01 .1071E+00
.4390E+03 .8786E-01 .1027E+00 .1486E-01 .1486E-01 .8786E-01 .1027E+00
.4400E+03 .1004E+00 .1177E+00 .1736E-01 .1736E-01 .1004E+00 .1177E+00
.4410E+03 .9862E-01 .1161E+00 .1747E-01 .1747E-01 .9862E-01 .1161E+00
.4420E+03 .1052E+00 .1241E+00 .1895E-01 .1895E-01 .1052E+00 .1241E+00
.4430E+03 .1062E+00 .1255E+00 .1925E-01 .1925E-01 .1062E+00 .1255E+00
.4440E+03 .1035E+00 .1227E+00 .1920E-01 .1920E-01 .1035E+00 .1227E+00
.4450E+03 .1073E+00 .1274E+00 .2010E-01 .2010E-01 .1073E+00 .1274E+00
.4460E+03 .9613E-01 .1145E+00 .1838E-01 .1838E-01 .9613E-01 .1145E+00
.4470E+03 .1092E+00 .1306E+00 .2138E-01 .2138E-01 .1092E+00 .1306E+00
.4480E+03 .1102E+00 .1320E+00 .2183E-01 .2183E-01 .1102E+00 .1320E+00
.4490E+03 .1096E+00 .1319E+00 .2229E-01 .2229E-01 .1096E+00 .1319E+00
.4500E+03 .1132E+00 .1367E+00 .2350E-01 .2350E-01 .1132E+00 .1367E+00
.4510E+03 .1171E+00 .1418E+00 .2471E-01 .2471E-01 .1171E+00 .1418E+00
.4520E+03 .1118E+00 .1358E+00 .2399E-01 .2399E-01 .1118E+00 .1358E+00
.4530E+03 .1031E+00 .1255E+00 .2247E-01 .2247E-01 .1031E+00 .1255E+00
.4540E+03 .1103E+00 .1348E+00 .2449E-01 .2449E-01 .1103E+00 .1348E+00
.4550E+03 .1091E+00 .1337E+00 .2461E-01 .2461E-01 .1091E+00 .1337E+00
.4560E+03 .1123E+00 .1381E+00 .2577E-01 .2577E-01 .1123E+00 .1381E+00
.4570E+03 .1127E+00 .1390E+00 .2632E-01 .2632E-01 .1127E+00 .1390E+00
.4580E+03 .1096E+00 .1356E+00 .2597E-01 .2597E-01 .1096E+00 .1356E+00
.4590E+03 .1081E+00 .1343E+00 .2613E-01 .2613E-01 .1081E+00 .1343E+00
.4600E+03 .1068E+00 .1330E+00 .2622E-01 .2622E-01 .1068E+00 .1330E+00
.4610E+03 .1101E+00 .1376E+00 .2748E-01 .2748E-01 .1101E+00 .1376E+00
.4620E+03 .1108E+00 .1390E+00 .2816E-01 .2816E-01 .1108E+00 .1390E+00
.4630E+03 .1111E+00 .1396E+00 .2847E-01 .2847E-01 .1111E+00 .1396E+00
.4640E+03 .1077E+00 .1358E+00 .2804E-01 .2804E-01 .1077E+00 .1358E+00
.4650E+03 .1064E+00 .1345E+00 .2815E-01 .2815E-01 .1064E+00 .1345E+00
.4660E+03 .1085E+00 .1376E+00 .2916E-01 .2916E-01 .1085E+00 .1376E+00
.4670E+03 .1033E+00 .1313E+00 .2802E-01 .2802E-01 .1033E+00 .1313E+00
.4680E+03 .1073E+00 .1368E+00 .2955E-01 .2955E-01 .1073E+00 .1368E+00
.4690E+03 .1072E+00 .1372E+00 .2996E-01 .2996E-01 .1072E+00 .1372E+00
.4700E+03 .1026E+00 .1316E+00 .2896E-01 .2896E-01 .1026E+00 .1316E+00
.4710E+03 .1041E+00 .1339E+00 .2979E-01 .2979E-01 .1041E+00 .1339E+00
.4720E+03 .1092E+00 .1408E+00 .3156E-01 .3156E-01 .1092E+00 .1408E+00
.4730E+03 .1047E+00 .1353E+00 .3058E-01 .3058E-01 .1047E+00 .1353E+00
.4740E+03 .1055E+00 .1366E+00 .3104E-01 .3104E-01 .1055E+00 .1366E+00
.4750E+03 .1085E+00 .1406E+00 .3214E-01 .3214E-01 .1085E+00 .1406E+00
.4760E+03 .1041E+00 .1351E+00 .3102E-01 .3102E-01 .1041E+00 .1351E+00
.4770E+03 .1040E+00 .1353E+00 .3133E-01 .3133E-01 .1040E+00 .1353E+00
.4780E+03 .1066E+00 .1393E+00 .3280E-01 .3280E-01 .1066E+00 .1393E+00
.4790E+03 .1037E+00 .1364E+00 .3272E-01 .3272E-01 .1037E+00 .1364E+00
.4800E+03 .1046E+00 .1385E+00 .3384E-01 .3384E-01 .1046E+00 .1385E+00
.4810E+03 .1039E+00 .1384E+00 .3446E-01 .3446E-01 .1039E+00 .1384E+00
.4820E+03 .1039E+00 .1391E+00 .3518E-01 .3518E-01 .1039E+00 .1391E+00
.4830E+03 .1024E+00 .1377E+00 .3532E-01 .3532E-01 .1024E+00 .1377E+00
.4840E+03 .1004E+00 .1354E+00 .3502E-01 .3502E-01 .1004E+00 .1354E+00
.4850E+03 .1001E+00 .1353E+00 .3520E-01 .3520E-01 .1001E+00 .1353E+00
.4860E+03 .8115E-01 .1100E+00 .2889E-01 .2889E-01 .8115E-01 .1100E+00
.4870E+03 .9078E-01 .1236E+00 .3277E-01 .3277E-01 .9078E-01 .1236E+00
.4880E+03 .9792E-01 .1336E+00 .3570E-01 .3570E-01 .9792E-01 .1336E+00
.4890E+03 .9181E-01 .1256E+00 .3380E-01 .3380E-01 .9181E-01 .1256E+00
.4900E+03 .1021E+00 .1404E+00 .3825E-01 .3825E-01 .1021E+00 .1404E+00
.4910E+03 .9768E-01 .1349E+00 .3723E-01 .3723E-01 .9768E-01 .1349E+00
.4920E+03 .9277E-01 .1286E+00 .3580E-01 .3580E-01 .9277E-01 .1286E+00
.4930E+03 .9892E-01 .1375E+00 .3860E-01 .3860E-01 .9892E-01 .1375E+00
.4940E+03 .9626E-01 .1342E+00 .3797E-01 .3797E-01 .9626E-01 .1342E+00
.4950E+03 .1018E+00 .1425E+00 .4064E-01 .4064E-01 .1018E+00 .1425E+00
.4960E+03 .9637E-01 .1353E+00 .3890E-01 .3890E-01 .9637E-01 .1353E+00
.4970E+03 .9740E-01 .1373E+00 .3989E-01 .3989E-01 .9740E-01 .1373E+00
.4980E+03 .9401E-01 .1331E+00 .3911E-01 .3911E-01 .9401E-01 .1331E+00
.4990E+03 .9318E-01 .1325E+00 .3934E-01 .3934E-01 .9318E-01 .1325E+00
.5000E+03 .9201E-01 .1314E+00 .3935E-01 .3935E-01 .9201E-01 .1314E+00
.5010E+03 .8835E-01 .1266E+00 .3826E-01 .3826E-01 .8835E-01 .1266E+00
.5020E+03 .8727E-01 .1252E+00 .3794E-01 .3794E-01 .8727E-01 .1252E+00
.5030E+03 .9025E-01 .1296E+00 .3931E-01 .3931E-01 .9025E-01 .1296E+00
.5040E+03 .8251E-01 .1168E+00 .3429E-01 .3429E-01 .8251E-01 .1168E+00
.5050E+03 .8893E-01 .1286E+00 .3964E-01 .3964E-01 .8893E-01 .1286E+00
.5060E+03 .9198E-01 .1331E+00 .4116E-01 .4116E-01 .9198E-01 .1331E+00
.5070E+03 .8773E-01 .1272E+00 .3952E-01 .3952E-01 .8773E-01 .1272E+00
.5080E+03 .8557E-01 .1249E+00 .3928E-01 .3928E-01 .8557E-01 .1249E+00
.5090E+03 .8975E-01 .1316E+00 .4188E-01 .4188E-01 .8975E-01 .1316E+00
.5100E+03 .8740E-01 .1288E+00 .4142E-01 .4142E-01 .8740E-01 .1288E+00
.5110E+03 .8896E-01 .1319E+00 .4299E-01 .4299E-01 .8896E-01 .1319E+00
.5120E+03 .9103E-01 .1357E+00 .4470E-01 .4470E-01 .9103E-01 .1357E+00
.5130E+03 .8514E-01 .1276E+00 .4241E-01 .4241E-01 .8514E-01 .1276E+00
.5140E+03 .8291E-01 .1248E+00 .4194E-01 .4194E-01 .8291E-01 .1248E+00
.5150E+03 .8483E-01 .1283E+00 .4344E-01 .4344E-01 .8483E-01 .1283E+00
.5160E+03 .8516E-01 .1292E+00 .4409E-01 .4409E-01 .8516E-01 .1292E+00
.5170E+03 .6905E-01 .1053E+00 .3622E-01 .3622E-01 .6905E-01 .1053E+00
.5180E+03 .7860E-01 .1202E+00 .4165E-01 .4165E-01 .7860E-01 .1202E+00
.5190E+03 .7579E-01 .1164E+00 .4056E-01 .4056E-01 .7579E-01 .1164E+00
.5200E+03 .8229E-01 .1268E+00 .4447E-01 .4447E-01 .8229E-01 .1268E+00
.5210E+03 .8237E-01 .1274E+00 .4500E-01 .4500E-01 .8237E-01 .1274E+00
.5220E+03 .8362E-01 .1298E+00 .4617E-01 .4617E-01 .8362E-01 .1298E+00
.5230E+03 .7835E-01 .1221E+00 .4375E-01 .4375E-01 .7835E-01 .1221E+00
.5240E+03 .8351E-01 .1305E+00 .4702E-01 .4702E-01 .8351E-01 .1305E+00
.5250E+03 .8209E-01 .1287E+00 .4659E-01 .4659E-01 .8209E-01 .1287E+00
.5260E+03 .7917E-01 .1248E+00 .4561E-01 .4561E-01 .7917E-01 .1248E+00
.5270E+03 .6856E-01 .1083E+00 .3978E-01 .3978E-01 .6856E-01 .1083E+00
.5280E+03 .7781E-01 .1235E+00 .4568E-01 .4568E-01 .7781E-01 .1235E+00
.5290E+03 .8075E-01 .1285E+00 .4777E-01 .4777E-01 .8075E-01 .1285E+00
.5300E+03 .7703E-01 .1231E+00 .4611E-01 .4611E-01 .7703E-01 .1231E+00
.5310E+03 .8065E-01 .1295E+00 .4885E-01 .4885E-01 .8065E-01 .1295E+00
.5320E+03 .7872E-01 .1269E+00 .4823E-01 .4823E-01 .7872E-01 .1269E+00
.5330E+03 .6996E-01 .1133E+00 .4332E-01 .4332E-01 .6995E-01 .1133E+00
.5340E+03 .7466E-01 .1214E+00 .4675E-01 .4675E-01 .7466E-01 .1214E+00
.5350E+03 .7559E-01 .1234E+00 .4783E-01 .4783E-01 .7559E-01 .1234E+00
.5360E+03 .7862E-01 .1288E+00 .5021E-01 .5021E-01 .7862E-01 .1288E+00
.5370E+03 .7254E-01 .1194E+00 .4683E-01 .4683E-01 .7254E-01 .1194E+00
.5380E+03 .7584E-01 .1253E+00 .4946E-01 .4946E-01 .7584E-01 .1253E+00
.5390E+03 .7358E-01 .1221E+00 .4849E-01 .4849E-01 .7358E-01 .1221E+00
.5400E+03 .7055E-01 .1172E+00 .4669E-01 .4669E-01 .7055E-01 .1172E+00
.5410E+03 .6717E-01 .1112E+00 .4406E-01 .4406E-01 .6716E-01 .1112E+00
.5420E+03 .7257E-01 .1206E+00 .4802E-01 .4802E-01 .7257E-01 .1206E+00
.5430E+03 .7113E-01 .1197E+00 .4858E-01 .4858E-01 .7112E-01 .1197E+00
.5440E+03 .7296E-01 .1226E+00 .4961E-01 .4961E-01 .7296E-01 .1226E+00
.5450E+03 .7096E-01 .1199E+00 .4898E-01 .4898E-01 .7096E-01 .1199E+00
.5460E+03 .6970E-01 .1174E+00 .4774E-01 .4774E-01 .6970E-01 .1174E+00
.5470E+03 .7042E-01 .1198E+00 .4936E-01 .4936E-01 .7042E-01 .1198E+00
.5480E+03 .6815E-01 .1167E+00 .4860E-01 .4860E-01 .6815E-01 .1167E+00
.5490E+03 .6999E-01 .1206E+00 .5066E-01 .5066E-01 .6999E-01 .1206E+00
.5500E+03 .6909E-01 .1197E+00 .5063E-01 .5063E-01 .6909E-01 .1197E+00
.5510E+03 .6869E-01 .1197E+00 .5100E-01 .5100E-01 .6868E-01 .1197E+00
.5520E+03 .6976E-01 .1221E+00 .5237E-01 .5237E-01 .6975E-01 .1221E+00
.5530E+03 .6741E-01 .1184E+00 .5104E-01 .5104E-01 .6740E-01 .1184E+00
.5540E+03 .6833E-01 .1206E+00 .5222E-01 .5222E-01 .6832E-01 .1205E+00
.5550E+03 .6827E-01 .1209E+00 .5259E-01 .5259E-01 .6826E-01 .1208E+00
.5560E+03 .6666E-01 .1184E+00 .5179E-01 .5179E-01 .6666E-01 .1184E+00
.5570E+03 .6456E-01 .1152E+00 .5060E-01 .5060E-01 .6456E-01 .1152E+00
.5580E+03 .6541E-01 .1171E+00 .5164E-01 .5164E-01 .6540E-01 .1170E+00
.5590E+03 .6134E-01 .1102E+00 .4881E-01 .4881E-01 .6134E-01 .1101E+00
.5600E+03 .6191E-01 .1117E+00 .4981E-01 .4981E-01 .6190E-01 .1117E+00
.5610E+03 .6495E-01 .1177E+00 .5280E-01 .5280E-01 .6495E-01 .1177E+00
.5620E+03 .6130E-01 .1115E+00 .5024E-01 .5024E-01 .6129E-01 .1115E+00
.5630E+03 .6309E-01 .1151E+00 .5205E-01 .5205E-01 .6308E-01 .1151E+00
.5640E+03 .6140E-01 .1124E+00 .5097E-01 .5097E-01 .6139E-01 .1124E+00
.5650E+03 .6136E-01 .1126E+00 .5125E-01 .5125E-01 .6135E-01 .1126E+00
.5660E+03 .5764E-01 .1060E+00 .4838E-01 .4838E-01 .5763E-01 .1060E+00
.5670E+03 .6099E-01 .1123E+00 .5130E-01 .5130E-01 .6099E-01 .1123E+00
.5680E+03 .5982E-01 .1092E+00 .4940E-01 .4940E-01 .5981E-01 .1092E+00
.5690E+03 .5738E-01 .1026E+00 .4523E-01 .4523E-01 .5738E-01 .1026E+00
.5700E+03 .5735E-01 .1038E+00 .4643E-01 .4643E-01 .5734E-01 .1038E+00
.5710E+03 .5548E-01 .1020E+00 .4653E-01 .4653E-01 .5547E-01 .1020E+00
.5720E+03 .5793E-01 .1053E+00 .4739E-01 .4739E-01 .5792E-01 .1053E+00
.5730E+03 .5793E-01 .1056E+00 .4771E-01 .4771E-01 .5793E-01 .1056E+00
.5740E+03 .5743E-01 .1049E+00 .4746E-01 .4746E-01 .5742E-01 .1049E+00
.5750E+03 .5591E-01 .1019E+00 .4602E-01 .4602E-01 .5591E-01 .1019E+00
.5760E+03 .5537E-01 .1013E+00 .4592E-01 .4592E-01 .5537E-01 .1013E+00
.5770E+03 .5671E-01 .1041E+00 .4743E-01 .4743E-01 .5670E-01 .1041E+00
.5780E+03 .5500E-01 .1020E+00 .4696E-01 .4696E-01 .5499E-01 .1020E+00
.5790E+03 .5580E-01 .1046E+00 .4883E-01 .4883E-01 .5579E-01 .1046E+00
.5800E+03 .5672E-01 .1078E+00 .5108E-01 .5108E-01 .5671E-01 .1078E+00
.5810E+03 .5697E-01 .1095E+00 .5251E-01 .5251E-01 .5696E-01 .1095E+00
.5820E+03 .5779E-01 .1121E+00 .5433E-01 .5433E-01 .5778E-01 .1121E+00
.5830E+03 .5830E-01 .1141E+00 .5583E-01 .5583E-01 .5829E-01 .1141E+00
.5840E+03 .5803E-01 .1143E+00 .5622E-01 .5622E-01 .5802E-01 .1142E+00
.5850E+03 .5742E-01 .1135E+00 .5613E-01 .5613E-01 .5741E-01 .1135E+00
.5860E+03 .5578E-01 .1103E+00 .5447E-01 .5447E-01 .5577E-01 .1102E+00
.5870E+03 .5657E-01 .1106E+00 .5408E-01 .5408E-01 .5656E-01 .1106E+00
.5880E+03 .5407E-01 .1017E+00 .4760E-01 .4760E-01 .5406E-01 .1017E+00
.5890E+03 .4514E-01 .8073E-01 .3559E-01 .3559E-01 .4513E-01 .8072E-01
.5900E+03 .4784E-01 .8559E-01 .3775E-01 .3775E-01 .4783E-01 .8558E-01
.5910E+03 .5163E-01 .9506E-01 .4343E-01 .4343E-01 .5162E-01 .9505E-01
.5920E+03 .4990E-01 .9186E-01 .4196E-01 .4196E-01 .4990E-01 .9186E-01
.5930E+03 .5097E-01 .9705E-01 .4607E-01 .4607E-01 .5096E-01 .9704E-01
.5940E+03 .5014E-01 .9587E-01 .4573E-01 .4573E-01 .5013E-01 .9586E-01
.5950E+03 .4863E-01 .9058E-01 .4195E-01 .4195E-01 .4862E-01 .9057E-01
.5960E+03 .5091E-01 .9984E-01 .4893E-01 .4893E-01 .5090E-01 .9983E-01
.5970E+03 .5054E-01 .9895E-01 .4841E-01 .4841E-01 .5053E-01 .9894E-01
.5980E+03 .4981E-01 .9923E-01 .4942E-01 .4942E-01 .4980E-01 .9922E-01
.5990E+03 .4966E-01 .1005E+00 .5083E-01 .5083E-01 .4965E-01 .1005E+00
.6000E+03 .5021E-01 .1039E+00 .5366E-01 .5366E-01 .5020E-01 .1039E+00
.6010E+03 .4964E-01 .1046E+00 .5498E-01 .5498E-01 .4963E-01 .1046E+00
.6020E+03 .4877E-01 .1035E+00 .5475E-01 .5475E-01 .4876E-01 .1035E+00
.6030E+03 .4973E-01 .1064E+00 .5662E-01 .5662E-01 .4972E-01 .1063E+00
.6040E+03 .5054E-01 .1085E+00 .5799E-01 .5799E-01 .5053E-01 .1085E+00
.6050E+03 .5042E-01 .1089E+00 .5846E-01 .5846E-01 .5041E-01 .1089E+00
.6060E+03 .5017E-01 .1091E+00 .5894E-01 .5894E-01 .5016E-01 .1091E+00
.6070E+03 .5050E-01 .1106E+00 .6008E-01 .6008E-01 .5049E-01 .1106E+00
.6080E+03 .5039E-01 .1109E+00 .6055E-01 .6055E-01 .5037E-01 .1109E+00
.6090E+03 .5006E-01 .1107E+00 .6062E-01 .6062E-01 .5005E-01 .1107E+00
.6100E+03 .4991E-01 .1106E+00 .6072E-01 .6072E-01 .4990E-01 .1106E+00
.6110E+03 .4971E-01 .1106E+00 .6085E-01 .6085E-01 .4970E-01 .1106E+00
.6120E+03 .5052E-01 .1126E+00 .6204E-01 .6204E-01 .5051E-01 .1125E+00
.6130E+03 .4986E-01 .1113E+00 .6141E-01 .6141E-01 .4984E-01 .1113E+00
.6140E+03 .4838E-01 .1083E+00 .5996E-01 .5996E-01 .4837E-01 .1083E+00
.6150E+03 .5020E-01 .1129E+00 .6269E-01 .6269E-01 .5019E-01 .1129E+00
.6160E+03 .4890E-01 .1103E+00 .6143E-01 .6143E-01 .4888E-01 .1103E+00
.6170E+03 .4828E-01 .1092E+00 .6094E-01 .6094E-01 .4827E-01 .1092E+00
.6180E+03 .5011E-01 .1136E+00 .6346E-01 .6346E-01 .5010E-01 .1136E+00
.6190E+03 .5033E-01 .1143E+00 .6393E-01 .6393E-01 .5032E-01 .1143E+00
.6200E+03 .5030E-01 .1141E+00 .6383E-01 .6383E-01 .5029E-01 .1141E+00
.6210E+03 .5046E-01 .1139E+00 .6349E-01 .6349E-01 .5044E-01 .1139E+00
.6220E+03 .4853E-01 .1078E+00 .5928E-01 .5928E-01 .4852E-01 .1078E+00
.6230E+03 .4808E-01 .1051E+00 .5707E-01 .5707E-01 .4806E-01 .1051E+00
.6240E+03 .4788E-01 .1058E+00 .5797E-01 .5797E-01 .4787E-01 .1058E+00
.6250E+03 .4755E-01 .1065E+00 .5896E-01 .5896E-01 .4754E-01 .1065E+00
.6260E+03 .4741E-01 .1063E+00 .5890E-01 .5890E-01 .4739E-01 .1063E+00
.6270E+03 .4852E-01 .1073E+00 .5881E-01 .5881E-01 .4850E-01 .1073E+00
.6280E+03 .4531E-01 .8956E-01 .4424E-01 .4424E-01 .4530E-01 .8954E-01
.6290E+03 .4723E-01 .1009E+00 .5367E-01 .5367E-01 .4722E-01 .1009E+00
.6300E+03 .4675E-01 .1003E+00 .5354E-01 .5354E-01 .4673E-01 .1003E+00
.6310E+03 .4772E-01 .1068E+00 .5911E-01 .5911E-01 .4770E-01 .1068E+00
.6320E+03 .4568E-01 .1025E+00 .5684E-01 .5684E-01 .4566E-01 .1025E+00
.6330E+03 .4874E-01 .1119E+00 .6319E-01 .6319E-01 .4872E-01 .1119E+00
.6340E+03 .4810E-01 .1124E+00 .6431E-01 .6431E-01 .4808E-01 .1124E+00
.6350E+03 .4865E-01 .1144E+00 .6577E-01 .6577E-01 .4864E-01 .1144E+00
.6360E+03 .4759E-01 .1127E+00 .6511E-01 .6511E-01 .4757E-01 .1127E+00
.6370E+03 .4920E-01 .1170E+00 .6778E-01 .6778E-01 .4919E-01 .1170E+00
.6380E+03 .4964E-01 .1195E+00 .6989E-01 .6989E-01 .4963E-01 .1195E+00
.6390E+03 .4944E-01 .1197E+00 .7030E-01 .7030E-01 .4942E-01 .1197E+00
.6400E+03 .4844E-01 .1183E+00 .6982E-01 .6982E-01 .4843E-01 .1182E+00
.6410E+03 .4846E-01 .1189E+00 .7042E-01 .7042E-01 .4845E-01 .1189E+00
.6420E+03 .4859E-01 .1200E+00 .7141E-01 .7141E-01 .4857E-01 .1200E+00
.6430E+03 .4900E-01 .1208E+00 .7181E-01 .7181E-01 .4898E-01 .1208E+00
.6440E+03 .4881E-01 .1211E+00 .7232E-01 .7232E-01 .4879E-01 .1211E+00
.6450E+03 .4896E-01 .1206E+00 .7167E-01 .7167E-01 .4895E-01 .1206E+00
.6460E+03 .4699E-01 .1126E+00 .6563E-01 .6563E-01 .4697E-01 .1126E+00
.6470E+03 .4592E-01 .1056E+00 .5970E-01 .5970E-01 .4591E-01 .1056E+00
.6480E+03 .4517E-01 .1039E+00 .5870E-01 .5870E-01 .4515E-01 .1039E+00
.6490E+03 .4380E-01 .1005E+00 .5670E-01 .5670E-01 .4379E-01 .1005E+00
.6500E+03 .4498E-01 .1099E+00 .6493E-01 .6493E-01 .4496E-01 .1099E+00
.6510E+03 .4793E-01 .1181E+00 .7019E-01 .7019E-01 .4792E-01 .1181E+00
.6520E+03 .4455E-01 .1031E+00 .5852E-01 .5852E-01 .4454E-01 .1031E+00
.6530E+03 .4733E-01 .1176E+00 .7023E-01 .7023E-01 .4731E-01 .1175E+00
.6540E+03 .4684E-01 .1163E+00 .6951E-01 .6951E-01 .4682E-01 .1163E+00
.6550E+03 .4406E-01 .1077E+00 .6362E-01 .6362E-01 .4405E-01 .1077E+00
.6560E+03 .3892E-01 .9553E-01 .5661E-01 .5661E-01 .3890E-01 .9551E-01
.6570E+03 .4061E-01 .1002E+00 .5954E-01 .5954E-01 .4060E-01 .1001E+00
.6580E+03 .4571E-01 .1154E+00 .6973E-01 .6973E-01 .4569E-01 .1154E+00
.6590E+03 .4597E-01 .1162E+00 .7025E-01 .7025E-01 .4595E-01 .1162E+00
.6600E+03 .4625E-01 .1162E+00 .6999E-01 .6999E-01 .4623E-01 .1162E+00
.6610E+03 .4618E-01 .1151E+00 .6888E-01 .6888E-01 .4616E-01 .1150E+00
.6620E+03 .4582E-01 .1125E+00 .6667E-01 .6667E-01 .4580E-01 .1125E+00
.6630E+03 .4585E-01 .1140E+00 .6815E-01 .6815E-01 .4583E-01 .1140E+00
.6640E+03 .4632E-01 .1187E+00 .7238E-01 .7238E-01 .4630E-01 .1187E+00
.6650E+03 .4716E-01 .1233E+00 .7613E-01 .7613E-01 .4714E-01 .1233E+00
.6660E+03 .4715E-01 .1251E+00 .7800E-01 .7800E-01 .4713E-01 .1251E+00
.6670E+03 .4683E-01 .1258E+00 .7894E-01 .7894E-01 .4681E-01 .1257E+00
.6680E+03 .4701E-01 .1275E+00 .8053E-01 .8053E-01 .4699E-01 .1275E+00
.6690E+03 .4779E-01 .1303E+00 .8249E-01 .8249E-01 .4777E-01 .1303E+00
.6700E+03 .4709E-01 .1290E+00 .8193E-01 .8193E-01 .4707E-01 .1290E+00
.6710E+03 .4697E-01 .1292E+00 .8220E-01 .8220E-01 .4695E-01 .1292E+00
.6720E+03 .4628E-01 .1277E+00 .8141E-01 .8141E-01 .4626E-01 .1277E+00
.6730E+03 .4665E-01 .1292E+00 .8251E-01 .8251E-01 .4663E-01 .1291E+00
.6740E+03 .4654E-01 .1293E+00 .8278E-01 .8278E-01 .4652E-01 .1293E+00
.6750E+03 .4611E-01 .1286E+00 .8245E-01 .8245E-01 .4609E-01 .1285E+00
.6760E+03 .4660E-01 .1303E+00 .8372E-01 .8372E-01 .4658E-01 .1303E+00
.6770E+03 .4612E-01 .1293E+00 .8321E-01 .8321E-01 .4610E-01 .1293E+00
.6780E+03 .4631E-01 .1302E+00 .8386E-01 .8386E-01 .4629E-01 .1301E+00
.6790E+03 .4586E-01 .1293E+00 .8343E-01 .8343E-01 .4584E-01 .1293E+00
.6800E+03 .4586E-01 .1297E+00 .8381E-01 .8381E-01 .4584E-01 .1296E+00
.6810E+03 .4559E-01 .1292E+00 .8363E-01 .8363E-01 .4557E-01 .1292E+00
.6820E+03 .4571E-01 .1299E+00 .8419E-01 .8419E-01 .4569E-01 .1299E+00
.6830E+03 .4512E-01 .1285E+00 .8339E-01 .8339E-01 .4509E-01 .1285E+00
.6840E+03 .4471E-01 .1274E+00 .8272E-01 .8272E-01 .4469E-01 .1274E+00
.6850E+03 .4469E-01 .1281E+00 .8343E-01 .8343E-01 .4467E-01 .1281E+00
.6860E+03 .4358E-01 .1247E+00 .8110E-01 .8110E-01 .4356E-01 .1247E+00
.6870E+03 .2987E-01 .4418E-01 .1431E-01 .1431E-01 .2985E-01 .4416E-01
.6880E+03 .3526E-01 .6472E-01 .2946E-01 .2946E-01 .3524E-01 .6471E-01
.6890E+03 .3545E-01 .6562E-01 .3018E-01 .3018E-01 .3543E-01 .6560E-01
.6900E+03 .3731E-01 .7518E-01 .3787E-01 .3787E-01 .3729E-01 .7517E-01
.6910E+03 .3899E-01 .8657E-01 .4757E-01 .4757E-01 .3897E-01 .8655E-01
.6920E+03 .3974E-01 .9397E-01 .5423E-01 .5423E-01 .3972E-01 .9395E-01
.6930E+03 .3803E-01 .8820E-01 .5017E-01 .5017E-01 .3801E-01 .8818E-01
.6940E+03 .3686E-01 .8842E-01 .5155E-01 .5155E-01 .3685E-01 .8840E-01
.6950E+03 .3851E-01 .9927E-01 .6076E-01 .6076E-01 .3849E-01 .9925E-01
.6960E+03 .3839E-01 .9943E-01 .6104E-01 .6104E-01 .3837E-01 .9940E-01
.6970E+03 .4204E-01 .1176E+00 .7557E-01 .7557E-01 .4202E-01 .1176E+00
.6980E+03 .4124E-01 .1151E+00 .7385E-01 .7385E-01 .4122E-01 .1151E+00
.6990E+03 .3920E-01 .1032E+00 .6398E-01 .6398E-01 .3918E-01 .1032E+00
.7000E+03 .3877E-01 .1023E+00 .6352E-01 .6352E-01 .3875E-01 .1023E+00
