750	8.5575
749	8.2175
748	8.485
747	8.48
746	8.275
745	8.5475
744	8.4575
743	8.35
742	8.3225
741	8.5575
740	8.4875
739	8.59
738	8.4425
737	8.5475
736	8.5075
735	8.4775
734	8.53
733	8.3
732	8.6925
731	8.395
730	8.46
729	8.255
728	8.3775
727	8.62
726	8.7025
725	8.7475
724	8.3725
723	8.26
722	8.56
721	8.42
720	8.3725
719	8.075
718	8.35
717	8.2825
716	8.305
715	8.335
714	8.37
713	8.0525
712	8.0575
711	8.2675
710	8.255
709	8.105
708	8.1475
707	8.3225
706	8.355
705	8.435
704	8.175
703	8.2675
702	8.155
701	8.03
700	8.37
699	8.53
698	8.3775
697	8.26
696	8.25
695	8.19
694	8.1875
693	8.175
692	8.1025
691	8.095
690	8.26
689	8.2325
688	8.1775
687	8.125
686	8.29
685	8.35
684	8.24
683	8.195
682	8.3775
681	8.4225
680	8.0525
679	8.1625
678	8.125
677	8.1025
676	8.21
675	8.1325
674	8.095
673	8.29
672	8.275
671	8.1475
670	8.195
669	8.3575
668	8.175
667	8.1975
666	8.1975
665	8.11
664	8.195
663	8.1625
662	8.195
661	8.195
660	8.1225
659	8.3425
658	8.1675
657	8.1225
656	8.22
655	8.2125
654	8.32
653	8.42
652	8.435
651	8.38
650	8.2825
649	8.5725
648	8.3425
647	8.4675
646	8.645
645	8.4575
644	8.53
643	8.45
642	8.5475
641	8.885
640	8.865
639	8.8925
638	8.995
637	9.1825
636	9.38
635	9.6475
634	9.635
633	9.7
632	10.17
631	10.215
630	10.57
629	11.0775
628	11.4925
627	12.09
626	12.7825
625	13.4925
624	14.2325
623	15.2125
622	16.1925
621	17.57
620	19.0475
619	20.595
618	22.7175
617	24.6775
616	27.1525
615	30.075
614	33.685
613	37.4675
612	41.955
611	46.9175
610	52.4325
609	58.64
608	65.6975
607	73.265
606	81.28
605	89.985
604	99.9675
603	110.63
602	122.2375
601	134.415
600	147.0525
599	160.775
598	174.445
597	189.85
596	205.6725
595	221.0575
594	237.3125
593	254.04
592	271.2675
591	288.505
590	306.4425
589	324.005
588	340.955
587	357.2575
586	373.02
585	388.6225
584	401.775
583	415.76
582	427.7675
581	438.98
580	448.04
579	456.5425
578	463.715
577	468.9375
576	473.4
575	475.7775
574	477.6575
573	477.9275
572	476.9775
571	475.2425
570	472.1025
569	468.5625
568	463.01
567	457.425
566	451.9475
565	443.8675
564	436.5575
563	428.715
562	420.96
561	413.255
560	404.3775
559	396.3825
558	387.795
557	380.455
556	372.0675
555	365.46
554	358.6925
553	352.37
552	346.9075
551	341.8075
550	336.78
549	333.125
548	330.215
547	328.1025
546	326
545	324.5975
544	324.3
543	322.9525
542	323.215
541	323.085
540	322.8225
539	322.7925
538	322.4025
537	322.17
536	322.045
535	320.6975
534	319.4275
533	317.525
532	314.93
531	311.97
530	309.4075
529	305.455
528	301.4025
527	296.62
526	291.2875
525	286.1525
524	280.06
523	274.02
522	267.6125
521	260.455
520	252.8
519	245.4075
518	238.4075
517	231.1275
516	223.995
515	216.945
514	210.17
513	203.32
512	196.975
511	190.075
510	183.965
509	178.23
508	173.37
507	167.9225
506	163.625
505	158.8325
504	154.9225
503	151.355
502	148.46
501	145.0725
500	141.94
499	138.73
498	135.9825
497	133.0575
496	130.2025
495	127.6675
494	124.8275
493	122.02
492	119.7575
491	117.3025
490	114.875
489	111.9075
488	109.4025
487	106.85
486	104.085
485	101.7275
484	99.345
483	97.2525
482	94.8025
481	92.9525
480	90.95
479	89.66
478	88.4775
477	87.165
476	86.545
475	86.3425
474	86.5025
473	86.7425
472	87.6275
471	89.1575
470	90.8425
469	93.0225
468	95.665
467	98.9275
466	102.4125
465	106.1675
464	110.4575
463	114.28
462	118.8075
461	123.345
460	128.1575
459	132.89
458	137.425
457	141.8075
456	146.1875
455	150.5275
454	154.17
453	157.5175
452	160.79
451	163.655
450	166.2825
449	168.1375
448	169.685
447	170.985
446	171.84
445	172.3025
444	172.6525
443	172.8275
442	172.3025
441	171.83
440	171.155
439	170.3375
438	169.215
437	167.8
436	166.4975
435	164.925
434	163.1475
433	161.435
432	159.6325
431	157.73
430	155.8
429	153.435
428	151.1425
427	149.11
426	146.4925
425	143.75
424	140.9275
423	138.5725
422	135.3075
421	132.3825
420	129.165
419	125.8575
418	122.3875
417	119.365
416	115.91
415	112.5825
414	109.115
413	105.5225
412	102.645
411	99.4975
410	96.4725
409	93.215
408	89.855
407	87.5575
406	84.755
405	82.3325
404	79.4325
403	77.1075
402	74.9475
401	72.83
400	70.2525
399	68.405
398	66.4625
397	64.5525
396	62.7625
395	61.1225
394	59.5975
393	58.2625
392	57.155
391	55.9875
390	54.9125
389	54.355
388	53.165
387	52.575
386	51.9875
385	51.1125
384	51.025
383	50.7475
382	50.6125
381	50.9725
380	51.335
379	51.295
378	52.375
377	53.275
376	55.175
375	57.1325
374	59.35
373	62.4425
372	66.02
371	70.1075
370	74.895
369	81.1225
368	88.565
367	96.805
366	106.22
365	118.1975
364	132.5725
363	148.1525
362	167.075
361	187.5375
360	212.2725
359	239.045
358	271.8975
357	306.495
356	345.8525
355	386.455
354	433.7375
353	481.9525
352	540.535
351	602.5925
350	665.5475
349	735.6375
348	801.175
347	903.26
346	1009.7075
345	1129.075
344	1250
343	1250
342	1250
341	1250
340	1129.075
339	1250
338	1250
337	1250
336	1250
335	1250
334	1250
333	1250
332	1250
331	1250
330	1250
329	1129.075
328	1250
327	1250
326	1250
325	1250
324	1250
323	1250
322	1129.075
321	1250
320	1250
319	1250
318	1250
317	1250
316	1250
315	1250
314	1250
313	1250
312	1250
311	1250
310	1250
309	1250
308	1250
307	1250
306	1250
305	1250
304	1129.075
303	1250
302	1250
301	1250
300	1129.075
299	1250
298	1250
297	1129.075
296	1250
295	1250
294	1250
293	1129.075
292	1250
291	1250
290	1250
289	1250
288	1250
287	1250
286	1250
285	1250
284	1250
283	1250
282	1250
281	1250
280	1250
279	1250
278	1250
277	1250
276	1250
275	1250
274	1250
273	1250
272	1129.075
271	1250
270	1250
269	1250
268	1250
267	1250
266	1250
265	1250
264	1250
263	1250
262	1250
261	1250
260	1250
259	1250
258	1250
257	1250
256	1250
255	1250
254	1250
253	1250
252	1250
251	1250
250	1250
