350	1.00E-03
351	1.00E-03
352	1.00E-03
353	1.00E-03
354	1.00E-03
355	1.00E-03
356	1.00E-03
357	1.00E-03
358	1.00E-03
359	1.00E-03
360	1.00E-03
361	1.00E-03
362	1.00E-03
363	1.00E-03
364	1.00E-03
365	1.00E-03
366	1.00E-03
367	1.00E-03
368	1.00E-03
369	1.00E-03
370	1.00E-03
371	1.00E-03
372	1.00E-03
373	1.00E-03
374	1.00E-03
375	1.00E-03
376	1.00E-03
377	1.00E-03
378	1.00E-03
379	1.00E-03
380	1.00E-03
381	1.00E-03
382	1.00E-03
383	1.00E-03
384	1.00E-03
385	1.00E-03
386	1.00E-03
387	1.00E-03
388	1.00E-03
389	1.00E-03
390	1.00E-03
391	1.00E-03
392	1.00E-03
393	1.00E-03
394	1.00E-03
395	1.00E-03
396	1.00E-03
397	1.00E-03
398	1.00E-03
399	1.00E-03
400	1.00E-03
401	1.00E-03
402	1.00E-03
403	1.00E-03
404	1.00E-03
405	1.00E-03
406	1.00E-03
407	1.00E-03
408	1.00E-03
409	1.00E-03
410	1.00E-03
411	1.00E-03
412	1.00E-03
413	1.00E-03
414	1.00E-03
415	1.00E-03
416	1.00E-03
417	1.00E-03
418	1.00E-03
419	1.00E-03
420	1.00E-03
421	1.00E-03
422	1.00E-03
423	1.00E-03
424	1.00E-03
425	1.00E-03
426	1.00E-03
427	1.00E-03
428	1.00E-03
429	1.00E-03
430	1.00E-03
431	1.00E-03
432	1.00E-03
433	1.00E-03
434	1.00E-03
435	1.00E-03
436	1.00E-03
437	1.00E-03
438	1.00E-03
439	1.00E-03
440	1.00E-03
441	1.00E-03
442	1.00E-03
443	1.00E-03
444	1.00E-03
445	1.00E-03
446	1.00E-03
447	1.00E-03
448	1.00E-03
449	1.00E-03
450	1.00E-03
451	1.00E-03
452	1.00E-03
453	1.00E-03
454	1.00E-03
455	1.00E-03
456	1.00E-03
457	1.00E-03
458	1.00E-03
459	1.00E-03
460	1.00E-03
461	1.00E-03
462	1.00E-03
463	1.00E-03
464	1.00E-03
465	1.00E-03
466	1.00E-03
467	1.00E-03
468	1.00E-03
469	1.00E-03
470	1.00E-03
471	1.00E-03
472	1.00E-03
473	1.00E-03
474	1.00E-03
475	1.00E-03
476	1.00E-03
477	1.00E-03
478	1.00E-03
479	1.00E-03
480	1.00E-03
481	1.00E-03
482	1.00E-03
483	1.00E-03
484	1.00E-03
485	1.00E-03
486	1.00E-03
487	1.00E-03
488	1.00E-03
489	1.00E-03
490	1.00E-03
491	1.00E-03
492	1.00E-03
493	1.00E-03
494	1.00E-03
495	1.00E-03
496	1.00E-03
497	1.00E-03
498	1.00E-03
499	1.00E-03
500	1.00E-03
501	2.03E-03
502	3.16E-03
503	2.09E-03
504	2.02E-03
505	3.55E-03
506	2.47E-03
507	2.40E-03
508	2.15E-03
509	3.65E-03
510	7.58E-03
511	2.53E-03
512	2.36E-03
513	1.84E-03
514	1.99E-03
515	2.41E-03
516	2.77E-03
517	2.58E-03
518	2.49E-03
519	2.00E-03
520	2.13E-03
521	2.65E-03
522	2.40E-03
523	2.09E-03
524	2.36E-03
525	2.11E-03
526	2.67E-03
527	2.38E-03
528	1.98E-03
529	1.91E-03
530	2.35E-03
531	2.03E-03
532	2.07E-03
533	2.71E-03
534	1.98E-03
535	2.24E-03
536	1.87E-03
537	1.99E-03
538	2.48E-03
539	2.38E-03
540	2.36E-03
541	1.82E-03
542	2.32E-03
543	2.23E-03
544	2.02E-03
545	2.39E-03
546	2.36E-03
547	2.43E-03
548	2.08E-03
549	2.52E-03
550	2.34E-03
551	2.45E-03
552	2.33E-03
553	2.61E-03
554	2.52E-03
555	3.24E-03
556	3.04E-03
557	2.72E-03
558	3.49E-03
559	3.44E-03
560	3.80E-03
561	2.99E-03
562	3.63E-03
563	3.03E-03
564	3.42E-03
565	3.89E-03
566	3.35E-03
567	4.49E-03
568	4.74E-03
569	4.06E-03
570	4.27E-03
571	4.82E-03
572	4.82E-03
573	4.35E-03
574	5.03E-03
575	5.47E-03
576	5.70E-03
577	8.05E-03
578	6.83E-03
579	7.52E-03
580	8.23E-03
581	9.19E-03
582	9.51E-03
583	1.00E-02
584	1.19E-02
585	1.28E-02
586	1.39E-02
587	1.73E-02
588	1.78E-02
589	2.01E-02
590	2.22E-02
591	2.52E-02
592	2.85E-02
593	3.24E-02
594	3.61E-02
595	4.09E-02
596	4.73E-02
597	5.36E-02
598	6.03E-02
599	6.92E-02
600	7.96E-02
601	9.00E-02
602	1.02E-01
603	1.15E-01
604	1.31E-01
605	1.48E-01
606	1.67E-01
607	1.89E-01
608	2.14E-01
609	2.40E-01
610	2.68E-01
611	3.01E-01
612	3.37E-01
613	3.74E-01
614	4.15E-01
615	4.56E-01
616	4.98E-01
617	5.41E-01
618	5.85E-01
619	6.24E-01
620	6.68E-01
621	7.05E-01
622	7.37E-01
623	7.75E-01
624	7.98E-01
625	8.33E-01
626	8.53E-01
627	8.73E-01
628	8.94E-01
629	9.07E-01
630	9.30E-01
631	9.39E-01
632	9.44E-01
633	9.61E-01
634	9.65E-01
635	9.80E-01
636	9.81E-01
637	9.81E-01
638	9.93E-01
639	9.90E-01
640	9.92E-01
641	9.98E-01
642	9.96E-01
643	1.00E+00
644	9.98E-01
645	9.98E-01
646	9.95E-01
647	9.91E-01
648	9.96E-01
649	9.84E-01
650	9.84E-01
651	9.73E-01
652	9.66E-01
653	9.60E-01
654	9.44E-01
655	9.43E-01
656	9.28E-01
657	9.10E-01
658	8.99E-01
659	8.83E-01
660	8.64E-01
661	8.54E-01
662	8.29E-01
663	8.09E-01
664	7.97E-01
665	7.77E-01
666	7.61E-01
667	7.39E-01
668	7.18E-01
669	6.98E-01
670	6.80E-01
671	6.62E-01
672	6.44E-01
673	6.22E-01
674	6.02E-01
675	5.86E-01
676	5.64E-01
677	5.44E-01
678	5.31E-01
679	5.10E-01
680	4.94E-01
681	4.80E-01
682	4.66E-01
683	4.55E-01
684	4.37E-01
685	4.27E-01
686	4.12E-01
687	4.00E-01
688	3.87E-01
689	3.79E-01
690	3.72E-01
691	3.54E-01
692	3.45E-01
693	3.34E-01
694	3.27E-01
695	3.21E-01
696	3.12E-01
697	3.03E-01
698	2.97E-01
699	2.87E-01
700	2.80E-01
701	2.77E-01
702	2.69E-01
703	2.61E-01
704	2.56E-01
705	2.52E-01
706	2.47E-01
707	2.42E-01
708	2.40E-01
709	2.36E-01
710	2.29E-01
711	2.31E-01
712	2.25E-01
713	2.22E-01
714	2.17E-01
715	2.15E-01
716	2.11E-01
717	2.04E-01
718	2.01E-01
719	1.95E-01
720	1.91E-01
721	1.87E-01
722	1.85E-01
723	1.80E-01
724	1.77E-01
725	1.74E-01
726	1.72E-01
727	1.66E-01
728	1.62E-01
729	1.61E-01
730	1.62E-01
731	1.59E-01
732	1.55E-01
733	1.51E-01
734	1.46E-01
735	1.42E-01
736	1.39E-01
737	1.34E-01
738	1.36E-01
739	1.30E-01
740	1.28E-01
741	1.26E-01
742	1.22E-01
743	1.20E-01
744	1.17E-01
745	1.13E-01
746	1.11E-01
747	1.07E-01
748	1.07E-01
749	1.03E-01
750	1.03E-01
751	1.02E-01
752	1.00E-01
753	9.76E-02
754	9.35E-02
755	9.53E-02
756	9.13E-02
757	8.89E-02
758	8.79E-02
759	8.82E-02
760	8.60E-02
761	8.64E-02
762	8.69E-02
763	8.63E-02
764	8.54E-02
765	8.44E-02
766	8.35E-02
767	8.16E-02
768	7.62E-02
769	7.09E-02
770	6.92E-02
771	7.18E-02
772	6.63E-02
773	6.55E-02
774	6.28E-02
775	6.66E-02
776	6.33E-02
777	5.77E-02
778	6.05E-02
779	5.57E-02
780	5.54E-02
781	5.51E-02
782	5.47E-02
783	5.36E-02
784	5.24E-02
785	5.10E-02
786	5.16E-02
787	5.17E-02
788	5.80E-02
789	5.47E-02
790	5.37E-02
791	5.20E-02
792	5.15E-02
793	5.03E-02
794	4.68E-02
795	4.77E-02
796	4.80E-02
797	5.02E-02
798	5.04E-02
799	4.84E-02
800	4.91E-02
