500.0000	14.7105
500.5000	14.6598
501.0000	14.5376
501.5000	14.3442
502.0000	14.226
502.5000	13.9918
503.0000	13.9033
503.5000	13.6583
504.0000	13.5215
504.5000	13.3716
505.0000	13.1634
505.5000	13.0204
506.0000	12.8487
506.5000	12.6732
507.0000	12.5395
507.5000	12.3797
508.0000	12.1836
508.5000	12.0317
509.0000	11.8835
509.5000	11.7163
510.0000	11.5427
510.5000	11.3934
511.0000	11.2732
511.5000	11.0906
512.0000	10.9453
512.5000	10.8523
513.0000	10.7504
513.5000	10.5401
514.0000	10.4165
514.5000	10.3287
515.0000	10.1963
515.5000	10.0909
516.0000	9.95133
516.5000	9.82687
517.0000	9.69214
517.5000	9.61591
518.0000	9.52868
518.5000	9.38123
519.0000	9.30812
519.5000	9.19546
520.0000	9.13672
520.5000	9.02022
521.0000	8.87812
521.5000	8.7531
522.0000	8.61111
522.5000	8.52948
523.0000	8.46671
523.5000	8.34986
524.0000	8.16112
524.5000	8.04948
525.0000	7.94992
525.5000	7.80816
526.0000	7.68096
526.5000	7.6076
527.0000	7.49752
527.5000	7.34043
528.0000	7.27811
528.5000	7.10176
529.0000	6.98807
529.5000	6.98362
530.0000	6.83337
530.5000	6.75771
531.0000	6.63264
531.5000	6.59017
532.0000	6.53483
532.5000	6.40866
533.0000	6.33396
533.5000	6.25101
534.0000	6.18044
534.5000	6.11195
535.0000	6.0544
535.5000	5.96194
536.0000	5.93307
536.5000	5.83756
537.0000	5.78228
537.5000	5.74557
538.0000	5.70935
538.5000	5.62855
539.0000	5.60958
539.5000	5.52835
540.0000	5.46248
540.5000	5.40073
541.0000	5.44933
541.5000	5.43397
542.0000	5.36298
542.5000	5.37371
543.0000	5.35453
543.5000	5.32647
544.0000	5.34376
544.5000	5.32464
545.0000	5.35414
545.5000	5.38142
546.0000	5.37852
546.5000	5.43592
547.0000	5.43905
547.5000	5.49425
548.0000	5.61677
548.5000	5.67339
549.0000	5.71427
549.5000	5.84941
550.0000	6.01821
550.5000	6.13048
551.0000	6.32394
551.5000	6.5138
552.0000	6.71695
552.5000	6.96147
553.0000	7.18416
553.5000	7.46441
554.0000	7.76921
554.5000	8.07679
555.0000	8.47727
555.5000	8.97043
556.0000	9.36301
556.5000	9.89586
557.0000	10.488
557.5000	11.0189
558.0000	11.6754
558.5000	12.3457
559.0000	13.2048
559.5000	13.9563
560.0000	14.904
560.5000	15.8978
561.0000	16.9024
561.5000	18.0245
562.0000	19.2077
562.5000	20.584
563.0000	21.8454
563.5000	23.3825
564.0000	24.915
564.5000	26.5916
565.0000	28.3792
565.5000	30.3185
566.0000	32.2486
566.5000	34.2336
567.0000	36.5575
567.5000	38.9152
568.0000	41.239
568.5000	43.9309
569.0000	46.6397
569.5000	49.3817
570.0000	52.3659
570.5000	55.3673
571.0000	58.8438
571.5000	61.9379
572.0000	65.4101
572.5000	68.908
573.0000	72.7497
573.5000	76.6055
574.0000	80.5779
574.5000	84.9734
575.0000	89.0596
575.5000	93.2057
576.0000	98.0172
576.5000	102.553
577.0000	107.272
577.5000	112.123
578.0000	116.998
578.5000	121.971
579.0000	127.44
579.5000	132.848
580.0000	138.565
580.5000	143.749
581.0000	149.628
581.5000	154.927
582.0000	161.017
582.5000	166.656
583.0000	172.775
583.5000	179.168
584.0000	185.214
584.5000	191.465
585.0000	197.372
585.5000	204.132
586.0000	209.879
586.5000	216.313
587.0000	222.924
587.5000	228.953
588.0000	235.27
588.5000	241.256
589.0000	247.007
589.5000	253.434
590.0000	259.611
590.5000	265.084
591.0000	271.153
591.5000	276.011
592.0000	281.548
592.5000	286.185
593.0000	291.399
593.5000	295.912
594.0000	300.508
594.5000	304.296
595.0000	308.516
595.5000	312.539
596.0000	315.696
596.5000	318.163
597.0000	321.116
597.5000	323.244
598.0000	325.64
598.5000	326.199
599.0000	328.024
599.5000	328.656
600.0000	328.814
600.5000	329.3
601.0000	328.583
601.5000	328.055
602.0000	326.896
602.5000	325.363
603.0000	323.759
603.5000	321.654
604.0000	319.47
604.5000	316.818
605.0000	313.622
605.5000	310.305
606.0000	307.2
606.5000	303.659
607.0000	299.092
607.5000	294.709
608.0000	290.547
608.5000	285.855
609.0000	281.449
609.5000	276.826
610.0000	271.609
610.5000	266.535
611.0000	261.222
611.5000	255.853
612.0000	250.76
612.5000	245.243
613.0000	240.009
613.5000	234.422
614.0000	229.787
614.5000	223.791
615.0000	218.475
615.5000	213.25
616.0000	208.154
616.5000	202.61
617.0000	197.821
617.5000	192.378
618.0000	187.089
618.5000	182.161
619.0000	177.289
619.5000	172.006
620.0000	167.564
620.5000	162.644
621.0000	158.291
621.5000	153.592
622.0000	149.359
622.5000	145.275
623.0000	140.844
623.5000	136.838
624.0000	132.986
624.5000	129.239
625.0000	125.506
625.5000	121.588
626.0000	118.276
626.5000	114.733
627.0000	111.385
627.5000	108.495
628.0000	105.071
628.5000	102.113
629.0000	99.1597
629.5000	96.1422
630.0000	93.5488
630.5000	90.6507
631.0000	88.2989
631.5000	85.6063
632.0000	83.3322
632.5000	80.8557
633.0000	78.6864
633.5000	76.4451
634.0000	74.5647
634.5000	72.6929
635.0000	70.6415
635.5000	68.6218
636.0000	66.9338
636.5000	65.2344
637.0000	63.3916
637.5000	61.7514
638.0000	60.1824
638.5000	58.7765
639.0000	57.3102
639.5000	55.8968
640.0000	54.6092
640.5000	53.096
641.0000	51.9275
641.5000	50.85
642.0000	49.7166
642.5000	48.4219
643.0000	47.4803
643.5000	46.3877
644.0000	45.3308
644.5000	44.2674
645.0000	43.3821
645.5000	42.3397
646.0000	41.4303
646.5000	40.3805
647.0000	39.6763
647.5000	38.7498
648.0000	38.0068
648.5000	37.1928
649.0000	36.2986
649.5000	35.4999
650.0000	34.6842
650.5000	33.89
651.0000	33.0685
651.5000	32.389
652.0000	31.6803
652.5000	30.9884
653.0000	30.3195
653.5000	29.5408
654.0000	28.9661
654.5000	28.3247
655.0000	27.5291
655.5000	26.9669
656.0000	26.2306
656.5000	25.6591
657.0000	24.9764
657.5000	24.466
658.0000	23.7926
658.5000	23.1959
659.0000	22.574
659.5000	21.9585
660.0000	21.4232
660.5000	20.8802
661.0000	20.3836
661.5000	19.7891
662.0000	19.2169
662.5000	18.7961
663.0000	18.2058
663.5000	17.6878
664.0000	17.1761
664.5000	16.7339
665.0000	16.2426
665.5000	15.7859
666.0000	15.3304
666.5000	14.7455
667.0000	14.3969
667.5000	13.8753
668.0000	13.4781
668.5000	13.135
669.0000	12.7115
669.5000	12.2885
670.0000	11.8651
670.5000	11.5049
671.0000	11.1237
671.5000	10.8609
672.0000	10.4436
672.5000	10.1155
673.0000	9.70471
673.5000	9.45395
674.0000	9.09784
674.5000	8.82686
675.0000	8.52403
675.5000	8.24286
676.0000	7.94502
676.5000	7.68772
677.0000	7.42202
677.5000	7.11866
678.0000	6.91365
678.5000	6.65613
679.0000	6.40753
679.5000	6.17891
680.0000	5.88619
680.5000	5.69607
681.0000	5.4267
681.5000	5.24428
682.0000	5.03627
682.5000	4.85198
683.0000	4.65528
683.5000	4.41483
684.0000	4.31081
684.5000	4.14849
685.0000	3.97541
685.5000	3.79976
686.0000	3.63018
686.5000	3.50354
687.0000	3.41081
687.5000	3.26127
688.0000	3.10837
688.5000	3.01448
689.0000	2.9286
689.5000	2.81057
690.0000	2.6628
690.5000	2.61117
691.0000	2.50152
691.5000	2.40105
692.0000	2.34336
692.5000	2.25078
693.0000	2.14295
693.5000	2.09181
694.0000	2.00726
694.5000	1.96256
695.0000	1.8918
695.5000	1.80211
696.0000	1.73494
696.5000	1.70114
697.0000	1.63047
697.5000	1.57413
698.0000	1.5243
698.5000	1.47131
699.0000	1.43426
699.5000	1.36725
700.0000	1.31711
