350	0
351	8.47495E-05
352	5.9559E-05
353	5.22363E-05
354	7.77005E-05
355	6.37889E-05
356	6.39586E-05
357	6.33737E-05
358	5.83046E-05
359	7.87312E-05
360	7.7361E-05
361	8.40057E-05
362	8.12185E-05
363	5.94789E-05
364	8.32721E-05
365	0.000115504
366	7.17102E-05
367	7.59633E-05
368	8.76167E-05
369	8.24927E-05
370	0.000111912
371	7.42005E-05
372	7.29512E-05
373	7.66717E-05
374	8.34276E-05
375	8.84769E-05
376	8.31475E-05
377	0.000100575
378	8.84912E-05
379	7.08213E-05
380	5.86924E-05
381	7.91933E-05
382	9.68152E-05
383	7.60189E-05
384	6.73207E-05
385	7.15248E-05
386	6.90557E-05
387	7.05719E-05
388	6.44292E-05
389	6.62775E-05
390	6.15661E-05
391	6.91466E-05
392	7.19047E-05
393	5.0321E-05
394	6.23903E-05
395	6.26886E-05
396	5.29331E-05
397	4.46551E-05
398	5.23381E-05
399	6.96437E-05
400	4.3558E-05
401	5.39651E-05
402	5.55826E-05
403	4.58081E-05
404	6.44334E-05
405	5.66838E-05
406	5.68505E-05
407	4.62617E-05
408	5.50219E-05
409	7.63882E-05
410	5.26992E-05
411	4.26431E-05
412	6.00066E-05
413	4.14859E-05
414	4.31513E-05
415	3.63233E-05
416	4.94824E-05
417	3.82613E-05
418	5.2374E-05
419	4.2467E-05
420	4.17875E-05
421	6.69634E-05
422	5.86312E-05
423	5.95682E-05
424	7.38718E-05
425	7.47354E-05
426	7.82469E-05
427	9.31034E-05
428	8.87791E-05
429	0.000111486
430	0.000117869
431	0.000127474
432	0.000149284
433	0.000160835
434	0.000191591
435	0.00021298
436	0.000242084
437	0.000280793
438	0.000332615
439	0.000395665
440	0.000440887
441	0.000502956
442	0.000581438
443	0.000688007
444	0.000767786
445	0.000876754
446	0.001019804
447	0.001146926
448	0.001337325
449	0.001519817
450	0.00172561
451	0.001972417
452	0.002228866
453	0.002549274
454	0.002853338
455	0.003258017
456	0.003550355
457	0.003975473
458	0.004308299
459	0.004611651
460	0.004972813
461	0.005229057
462	0.00546412
463	0.005522799
464	0.005584738
465	0.005504939
466	0.005418726
467	0.00521908
468	0.00500197
469	0.004694993
470	0.004405742
471	0.004088736
472	0.003790787
473	0.003494087
474	0.003198337
475	0.002952084
476	0.002709049
477	0.002527813
478	0.002324056
479	0.002161723
480	0.00197809
481	0.001851233
482	0.00169256
483	0.001542051
484	0.001418301
485	0.001294118
486	0.00116779
487	0.00106799
488	0.000966698
489	0.000872023
490	0.000789796
491	0.000709568
492	0.000643862
493	0.000583882
494	0.000534367
495	0.000486801
496	0.000448562
497	0.000413586
498	0.000374802
499	0.000343167
500	0.000318855
501	0.000292354
502	0.000267335
503	0.000242897
504	0.000222885
505	0.000202374
506	0.00018736
507	0.000167578
508	0.00015572
509	0.000144032
510	0.000137657
511	0.000117897
512	0.000106921
513	9.961E-05
514	9.00589E-05
515	8.73089E-05
516	7.99228E-05
517	7.71323E-05
518	6.72178E-05
519	6.23186E-05
520	5.83435E-05
521	5.393E-05
522	5.10964E-05
523	4.44969E-05
524	4.22783E-05
525	4.10934E-05
526	3.81603E-05
527	3.52367E-05
528	3.11823E-05
529	2.84223E-05
530	2.88693E-05
531	2.56066E-05
532	2.53437E-05
533	2.47285E-05
534	2.41521E-05
535	2.21018E-05
536	2.0262E-05
537	2.10265E-05
538	1.88976E-05
539	1.93995E-05
540	1.86955E-05
541	1.73651E-05
542	1.8504E-05
543	1.72632E-05
544	1.62953E-05
545	1.50192E-05
546	1.42255E-05
547	1.4574E-05
548	1.22929E-05
549	1.45532E-05
550	1.26906E-05
551	1.19747E-05
552	1.17509E-05
553	1.27023E-05
554	1.17856E-05
555	1.26146E-05
556	1.2E-05
557	1.13713E-05
558	1.27675E-05
559	1.24597E-05
560	1.27252E-05
561	1.04938E-05
562	1.1629E-05
563	1.04E-05
564	1.08487E-05
565	1.19019E-05
566	7.46266E-06
567	9.46832E-06
568	1.19138E-05
569	1.07366E-05
570	9.99261E-06
571	1.06594E-05
572	9.35253E-06
573	7.9481E-06
574	8.73235E-06
575	9.04186E-06
576	8.25913E-06
577	1.37568E-05
578	9.02492E-06
579	7.69688E-06
580	9.38525E-06
581	8.80722E-06
582	8.75111E-06
583	7.65603E-06
584	9.8769E-06
585	9.20318E-06
586	8.62148E-06
587	1.16039E-05
588	9.39136E-06
589	9.82626E-06
590	1.02472E-05
591	9.31181E-06
592	9.02648E-06
593	1.22263E-05
594	9.99272E-06
595	9.91098E-06
596	7.96814E-06
597	1.00173E-05
598	8.66158E-06
599	7.80598E-06
600	1.32478E-05
601	1.18848E-05
602	9.67134E-06
603	8.54557E-06
604	7.15959E-06
605	1.17444E-05
606	7.85062E-06
607	9.17729E-06
608	8.20373E-06
609	1.11839E-05
610	9.57894E-06
611	7.83738E-06
612	1.06141E-05
613	1.14121E-05
614	1.12301E-05
615	1.0041E-05
616	1.27665E-05
617	7.80577E-06
618	9.66797E-06
619	1.05991E-05
620	7.84995E-06
621	9.58537E-06
622	1.04741E-05
623	1.22056E-05
624	1.03231E-05
625	8.03348E-06
626	9.308E-06
627	1.00174E-05
628	1.07715E-05
629	9.95331E-06
630	1.42762E-05
631	1.07613E-05
632	1.02041E-05
633	9.86382E-06
634	9.88239E-06
635	1.09055E-05
636	1.16154E-05
637	1.1917E-05
638	1.31435E-05
639	1.01553E-05
640	1.03858E-05
641	9.00085E-06
642	1.18688E-05
643	1.16034E-05
644	9.23355E-06
645	1.31529E-05
646	1.03977E-05
647	9.20507E-06
648	9.957E-06
649	1.00242E-05
650	8.45401E-06
651	1.07129E-05
652	1.15935E-05
653	1.15146E-05
654	1.09899E-05
655	1.08842E-05
656	8.27239E-06
657	8.7766E-06
658	1.36104E-05
659	7.72507E-06
660	1.14376E-05
661	1.25278E-05
662	1.39983E-05
663	7.88247E-06
664	1.45716E-05
665	1.25647E-05
666	1.02039E-05
667	1.22783E-05
668	1.29949E-05
669	1.20428E-05
670	8.34967E-06
671	1.11974E-05
672	1.30037E-05
673	1.33907E-05
674	1.38756E-05
675	1.35274E-05
676	1.22994E-05
677	9.2414E-06
678	1.26855E-05
679	1.0316E-05
680	9.40957E-06
681	7.03148E-06
682	1.23333E-05
683	1.74458E-05
684	1.04385E-05
685	2.41658E-05
686	1.35522E-05
687	1.55825E-05
688	1.50452E-05
689	1.47777E-05
690	2.29161E-05
691	1.54871E-05
692	1.51703E-05
693	1.0485E-05
694	1.41442E-05
695	1.56449E-05
696	1.62292E-05
697	1.22096E-05
698	1.48052E-05
699	1.3663E-05
700	1.20402E-05
701	1.16742E-05
702	1.29241E-05
703	1.62013E-05
704	1.21298E-05
705	1.16869E-05
706	1.38017E-05
707	1.46092E-05
708	7.78909E-06
709	2.08104E-05
710	1.03497E-05
711	1.30544E-05
712	1.62365E-05
713	1.59881E-05
714	1.58839E-05
715	1.8166E-05
716	1.66321E-05
717	1.54635E-05
718	1.78978E-05
719	1.4829E-05
720	1.60233E-05
721	1.85894E-05
722	2.04381E-05
723	1.75805E-05
724	1.03781E-05
725	1.8756E-05
726	1.84752E-05
727	2.51824E-05
728	1.26004E-05
729	2.0713E-05
730	2.28105E-05
731	0.000102062
732	2.05362E-05
733	1.15478E-05
734	1.57838E-05
735	1.72056E-05
736	1.44599E-05
737	1.8811E-05
738	2.71113E-05
739	1.79055E-05
740	1.99073E-05
741	1.99773E-05
742	1.64911E-05
743	1.64707E-05
744	1.81405E-05
745	1.93843E-05
746	1.83256E-05
747	1.7463E-05
748	2.25228E-05
749	1.94039E-05
750	1.5519E-05
751	2.4642E-05
752	1.79508E-05
753	2.08449E-05
754	2.03175E-05
755	2.17238E-05
756	2.01666E-05
757	2.10021E-05
758	2.03975E-05
759	1.89352E-05
760	1.32717E-05
761	2.26613E-05
762	2.69712E-05
763	2.04601E-05
764	1.87759E-05
765	2.44692E-05
766	2.92229E-05
767	1.93389E-05
768	2.80194E-05
769	2.03321E-05
770	2.44732E-05
771	2.84058E-05
772	2.35722E-05
773	2.43962E-05
774	3.02851E-05
775	2.52434E-05
776	2.82393E-05
777	2.03107E-05
778	2.91603E-05
779	1.4819E-05
780	3.00248E-05
781	0.00013382
782	2.09206E-05
783	2.17948E-05
784	1.85365E-05
785	2.73899E-05
786	2.37323E-05
787	1.88066E-05
788	4.20648E-05
789	2.38943E-05
790	2.56035E-05
791	2.43568E-05
792	3.01854E-05
793	2.51866E-05
794	2.63939E-05
795	2.71316E-05
796	2.57535E-05
797	3.65129E-05
798	2.80368E-05
799	2.59254E-05
800	3.40465E-05
801	2.11111E-05
802	3.24506E-05
803	3.42503E-05
804	2.2643E-05
805	2.51316E-05
806	2.39164E-05
807	2.20033E-05
808	3.13091E-05
809	2.35856E-05
810	3.72224E-05
811	3.49469E-05
812	2.43305E-05
813	3.09871E-05
814	2.58982E-05
815	1.66925E-05
816	3.37554E-05
817	2.9976E-05
818	2.89731E-05
819	3.70195E-05
820	3.40777E-05
821	3.25672E-05
822	2.93927E-05
823	3.35515E-05
824	2.93762E-05
825	3.87154E-05
826	2.75639E-05
827	3.72783E-05
828	2.81594E-05
829	3.95578E-05
830	4.11859E-05
831	2.90913E-05
832	3.61752E-05
833	2.97515E-05
834	4.74049E-05
835	3.94285E-05
836	4.39449E-05
837	5.03491E-05
838	3.5041E-05
839	6.43104E-05
840	5.83115E-05
841	3.63926E-05
842	4.80031E-05
843	3.24412E-05
844	3.67461E-05
845	6.07903E-05
846	6.44884E-05
847	3.59491E-05
848	5.07573E-05
849	4.32921E-05
850	3.70699E-05
851	3.58044E-05
852	5.11492E-05
853	5.2881E-05
854	5.58136E-05
855	7.11665E-05
856	4.30198E-05
857	3.8125E-05
858	5.20443E-05
859	6.09898E-05
860	5.12877E-05
861	0.000113942
862	5.47299E-05
863	3.63386E-05
864	9.91955E-05
865	4.98892E-05
866	6.69339E-05
867	4.65881E-05
868	6.17429E-05
869	5.53247E-05
870	6.55386E-05
871	6.61779E-05
872	7.09039E-05
873	6.8702E-05
874	6.85812E-05
875	5.35704E-05
876	3.89932E-05
877	5.71614E-05
878	7.25151E-05
879	6.97019E-05
880	5.41841E-05
881	5.95995E-05
882	6.41125E-05
883	7.43458E-05
884	6.88008E-05
885	5.58138E-05
886	6.2033E-05
887	5.06906E-05
888	4.97364E-05
889	4.58807E-05
890	8.86136E-05
891	5.4365E-05
892	6.17163E-05
893	6.4837E-05
894	7.30308E-05
895	6.36454E-05
896	4.79573E-05
897	5.74771E-05
898	7.78941E-05
899	4.7358E-05
900	7.18939E-05
901	0.000100473
902	7.7853E-05
903	0.00011651
904	8.74529E-05
905	9.08209E-05
906	7.10981E-05
907	5.94173E-05
908	4.41901E-05
909	8.21595E-05
910	5.68862E-05
911	0.000115039
912	9.83211E-05
913	0.000108099
914	7.45722E-05
915	0.000112199
916	8.72957E-05
917	7.90546E-05
918	7.03271E-05
919	7.977E-05
920	8.54358E-05
921	0.000128316
922	0.000100098
923	0.000113186
924	0.00011845
925	0.000120131
926	0.000104613
927	0.000130716
928	8.70953E-05
929	0.000114238
930	0.000143913
931	0.000139373
932	0.00014793
933	0.00016393
934	0.000160684
935	0.000179294
936	0.000302701
937	0.000151273
938	0.000217157
939	0.000288054
940	0.000422985
941	0.000256449
942	0.000428834
943	0.00036071
944	0.000480523
945	0.000499622
946	0.000342777
947	0.000400362
948	0.000316889
949	0.000214151
950	0.000244872
951	0.000298124
952	0.000409089
953	0.000282056
954	0.000358064
955	0.00036089
956	0.000226136
957	0.000270167
958	0.000298122
959	0.000257366
960	0.000182524
961	0.000272494
962	0.000213901
963	0.000271549
964	0.000328558
965	0.000272828
966	0.000329562
967	0.000234182
968	0.000291156
969	0.000228953
970	0.000237562
971	0.000238245
972	0.000259269
973	0.000225704
974	0.000215864
975	0.000255152
976	0.000293587
977	0.000292598
978	0.000218034
979	0.000296639
980	0.000256626
981	0.000297687
982	0.000313627
983	0.000292804
984	0.000321123
985	0.000303683
986	0.000275424
987	0.000385295
988	0.000385131
989	0.000277257
990	0.000400845
991	0.000407984
992	0.000377183
993	0.000413129
994	0.00044668
995	0.000523931
996	0.000391384
997	0.000478698
998	0.000377473
999	0.000424002
1000	0.00032448
