350	 0.0000275 
351	 0.0000305 
352	 0.0000245 
353	 0.0000236 
354	 0.0000280 
355	 0.0000240 
356	 0.0000253 
357	 0.0000222 
358	 0.0000229 
359	 0.0000250 
360	 0.0000244 
361	 0.0000247 
362	 0.0000241 
363	 0.0000232 
364	 0.0000242 
365	 0.0000296 
366	 0.0000292 
367	 0.0000258 
368	 0.0000304 
369	 0.0000294 
370	 0.0000290 
371	 0.0000277 
372	 0.0000310 
373	 0.0000342 
374	 0.0000351 
375	 0.0000378 
376	 0.0000370 
377	 0.0000381 
378	 0.0000402 
379	 0.0000436 
380	 0.0000449 
381	 0.0000492 
382	 0.0000567 
383	 0.0000638 
384	 0.0000644 
385	 0.0000739 
386	 0.0000796 
387	 0.0000881 
388	 0.0000947 
389	 0.0001040 
390	 0.0001180 
391	 0.0001250 
392	 0.0001410 
393	 0.0001480 
394	 0.0001670 
395	 0.0001790 
396	 0.0001900 
397	 0.0002070 
398	 0.0001930 
399	 0.0001970 
400	 0.0002050 
401	 0.0001960 
402	 0.0002080 
403	 0.0001970 
404	 0.0002050 
405	 0.0002090 
406	 0.0002210 
407	 0.0002160 
408	 0.0002210 
409	 0.0002150 
410	 0.0002330 
411	 0.0002390 
412	 0.0002470 
413	 0.0002540 
414	 0.0002500 
415	 0.0002590 
416	 0.0002580 
417	 0.0002660 
418	 0.0002770 
419	 0.0002950 
420	 0.0002950 
421	 0.0002890 
422	 0.0002960 
423	 0.0002970 
424	 0.0002960 
425	 0.0003010 
426	 0.0003110 
427	 0.0003160 
428	 0.0003150 
429	 0.0003180 
430	 0.0003280 
431	 0.0003270 
432	 0.0003290 
433	 0.0003300 
434	 0.0003380 
435	 0.0003400 
436	 0.0003460 
437	 0.0003540 
438	 0.0003670 
439	 0.0003690 
440	 0.0003620 
441	 0.0003610 
442	 0.0003690 
443	 0.0003710 
444	 0.0003700 
445	 0.0003680 
446	 0.0003760 
447	 0.0003750 
448	 0.0003900 
449	 0.0004220 
450	 0.0004440 
451	 0.0004250 
452	 0.0004160 
453	 0.0004010 
454	 0.0003890 
455	 0.0003950 
456	 0.0003980 
457	 0.0004150 
458	 0.0004180 
459	 0.0004120 
460	 0.0004220 
461	 0.0004490 
462	 0.0004830 
463	 0.0004810 
464	 0.0004630 
465	 0.0004640 
466	 0.0005300 
467	 0.0005960 
468	 0.0005910 
469	 0.0005350 
470	 0.0004890 
471	 0.0004660 
472	 0.0004830 
473	 0.0004950 
474	 0.0004520 
475	 0.0004140 
476	 0.0003960 
477	 0.0003910 
478	 0.0003900 
479	 0.0004090 
480	 0.0004380 
481	 0.0004550 
482	 0.0004490 
483	 0.0004350 
484	 0.0004210 
485	 0.0004020 
486	 0.0003860 
487	 0.0003800 
488	 0.0003810 
489	 0.0003820 
490	 0.0003980 
491	 0.0004290 
492	 0.0004390 
493	 0.0004240 
494	 0.0004010 
495	 0.0003870 
496	 0.0003810 
497	 0.0003780 
498	 0.0003800 
499	 0.0003780 
500	 0.0003800 
501	 0.0003840 
502	 0.0003870 
503	 0.0003920 
504	 0.0003900 
505	 0.0003920 
506	 0.0003920 
507	 0.0003950 
508	 0.0003980 
509	 0.0004020 
510	 0.0004040 
511	 0.0004090 
512	 0.0004130 
513	 0.0004160 
514	 0.0004150 
515	 0.0004190 
516	 0.0004230 
517	 0.0004230 
518	 0.0004250 
519	 0.0004270 
520	 0.0004260 
521	 0.0004280 
522	 0.0004300 
523	 0.0004300 
524	 0.0004310 
525	 0.0004320 
526	 0.0004350 
527	 0.0004330 
528	 0.0004340 
529	 0.0004350 
530	 0.0004340 
531	 0.0004360 
532	 0.0004360 
533	 0.0004360 
534	 0.0004380 
535	 0.0004380 
536	 0.0004390 
537	 0.0004370 
538	 0.0004360 
539	 0.0004410 
540	 0.0004430 
541	 0.0004450 
542	 0.0004460 
543	 0.0004460 
544	 0.0004450 
545	 0.0004470 
546	 0.0004480 
547	 0.0004470 
548	 0.0004480 
549	 0.0004490 
550	 0.0004500 
551	 0.0004510 
552	 0.0004530 
553	 0.0004520 
554	 0.0004550 
555	 0.0004560 
556	 0.0004550 
557	 0.0004560 
558	 0.0004570 
559	 0.0004580 
560	 0.0004580 
561	 0.0004580 
562	 0.0004570 
563	 0.0004560 
564	 0.0004560 
565	 0.0004580 
566	 0.0004580 
567	 0.0004590 
568	 0.0004620 
569	 0.0004620 
570	 0.0004630 
571	 0.0004640 
572	 0.0004660 
573	 0.0004670 
574	 0.0004660 
575	 0.0004670 
576	 0.0004680 
577	 0.0004700 
578	 0.0004710 
579	 0.0004700 
580	 0.0004750 
581	 0.0004760 
582	 0.0004790 
583	 0.0004830 
584	 0.0004860 
585	 0.0004890 
586	 0.0004890 
587	 0.0004910 
588	 0.0004930 
589	 0.0004970 
590	 0.0004950 
591	 0.0004960 
592	 0.0004930 
593	 0.0004910 
594	 0.0004900 
595	 0.0004880 
596	 0.0004870 
597	 0.0004850 
598	 0.0004840 
599	 0.0004820 
600	 0.0004810 
601	 0.0004800 
602	 0.0004820 
603	 0.0004800 
604	 0.0004780 
605	 0.0004800 
606	 0.0004800 
607	 0.0004810 
608	 0.0004820 
609	 0.0004860 
610	 0.0004860 
611	 0.0004910 
612	 0.0004940 
613	 0.0004990 
614	 0.0005010 
615	 0.0005070 
616	 0.0005090 
617	 0.0005150 
618	 0.0005220 
619	 0.0005250 
620	 0.0005330 
621	 0.0005300 
622	 0.0005250 
623	 0.0005230 
624	 0.0005150 
625	 0.0005130 
626	 0.0005090 
627	 0.0005050 
628	 0.0005060 
629	 0.0005040 
630	 0.0005100 
631	 0.0005060 
632	 0.0005050 
633	 0.0005060 
634	 0.0005040 
635	 0.0004980 
636	 0.0004940 
637	 0.0004870 
638	 0.0004850 
639	 0.0004770 
640	 0.0004750 
641	 0.0004770 
642	 0.0004740 
643	 0.0004770 
644	 0.0004790 
645	 0.0004860 
646	 0.0004940 
647	 0.0005030 
648	 0.0005140 
649	 0.0005130 
650	 0.0005080 
651	 0.0004950 
652	 0.0004840 
653	 0.0004760 
654	 0.0004690 
655	 0.0004700 
656	 0.0004680 
657	 0.0004630 
658	 0.0004650 
659	 0.0004620 
660	 0.0004620 
661	 0.0004660 
662	 0.0004640 
663	 0.0004650 
664	 0.0004710 
665	 0.0004710 
666	 0.0004790 
667	 0.0004800 
668	 0.0004800 
669	 0.0004760 
670	 0.0004780 
671	 0.0004760 
672	 0.0004790 
673	 0.0004800 
674	 0.0004800 
675	 0.0004800 
676	 0.0004740 
677	 0.0004660 
678	 0.0004640 
679	 0.0004610 
680	 0.0004620 
681	 0.0004730 
682	 0.0005020 
683	 0.0005270 
684	 0.0005240 
685	 0.0005200 
686	 0.0005200 
687	 0.0005300 
688	 0.0005440 
689	 0.0005530 
690	 0.0005410 
691	 0.0005170 
692	 0.0004930 
693	 0.0004710 
694	 0.0004530 
695	 0.0004420 
696	 0.0004320 
697	 0.0004260 
698	 0.0004270 
699	 0.0004220 
700	 0.0004150 
