350	1.63E-05
351	4.74E-05
352	4.59E-05
353	5.13E-05
354	3.37E-05
355	5.22E-05
356	6.73E-05
357	4.75E-05
358	6.10E-05
359	4.13E-05
360	7.09E-05
361	6.80E-05
362	4.68E-05
363	6.31E-05
364	5.18E-05
365	5.51E-05
366	5.04E-05
367	6.35E-05
368	6.87E-05
369	5.50E-05
370	6.96E-05
371	4.93E-05
372	5.96E-05
373	5.19E-05
374	7.67E-05
375	5.92E-05
376	6.72E-05
377	7.33E-05
378	6.25E-05
379	6.33E-05
380	6.06E-05
381	5.96E-05
382	5.94E-05
383	5.97E-05
384	6.39E-05
385	5.98E-05
386	7.08E-05
387	4.93E-05
388	4.73E-05
389	4.66E-05
390	4.58E-05
391	5.02E-05
392	4.40E-05
393	4.30E-05
394	4.56E-05
395	3.97E-05
396	4.86E-05
397	5.43E-05
398	4.05E-05
399	4.61E-05
400	4.40E-05
401	4.65E-05
402	4.03E-05
403	4.76E-05
404	3.50E-05
405	4.20E-05
406	3.62E-05
407	3.74E-05
408	2.81E-05
409	5.12E-05
410	3.94E-05
411	2.86E-05
412	3.71E-05
413	3.48E-05
414	3.32E-05
415	2.79E-05
416	3.28E-05
417	3.53E-05
418	2.79E-05
419	3.79E-05
420	3.11E-05
421	4.89E-05
422	5.00E-05
423	5.12E-05
424	5.46E-05
425	5.99E-05
426	6.27E-05
427	7.33E-05
428	8.31E-05
429	9.71E-05
430	0.000103636
431	0.000111011
432	0.000132198
433	0.000146241
434	0.00016428
435	0.000180619
436	0.000197628
437	0.000215807
438	0.000242278
439	0.00027333
440	0.000289997
441	0.000321397
442	0.000357552
443	0.000398737
444	0.000446437
445	0.000488276
446	0.000553266
447	0.000616623
448	0.000678096
449	0.000734323
450	0.000798142
451	0.000855976
452	0.000910992
453	0.000949185
454	0.000963715
455	0.000973092
456	0.000933061
457	0.000908624
458	0.00085507
459	0.000807459
460	0.000757177
461	0.000707647
462	0.000667972
463	0.000618761
464	0.000590481
465	0.000553724
466	0.000538003
467	0.000511398
468	0.000501245
469	0.000486293
470	0.00047013
471	0.000452785
472	0.000429446
473	0.000415728
474	0.00039648
475	0.000371801
476	0.000356242
477	0.00034123
478	0.000319689
479	0.000309588
480	0.000304444
481	0.000286961
482	0.000278222
483	0.000272748
484	0.000269072
485	0.000267068
486	0.000260392
487	0.000261992
488	0.000256927
489	0.000255852
490	0.000251857
491	0.000258879
492	0.000257856
493	0.000262565
494	0.000264454
495	0.000274948
496	0.000279563
497	0.000291047
498	0.000295269
499	0.000309053
500	0.000318929
501	0.000333199
502	0.000345563
503	0.00036312
504	0.000368953
505	0.000395243
506	0.000405178
507	0.000419564
508	0.000441632
509	0.000455698
510	0.000471322
511	0.000485348
512	0.000504309
513	0.000521661
514	0.000536492
515	0.000554755
516	0.000573981
517	0.00059008
518	0.000607565
519	0.0006194
520	0.000634132
521	0.000649341
522	0.000668463
523	0.000677439
524	0.000697873
525	0.000711129
526	0.000727895
527	0.000739871
528	0.000752461
529	0.000762879
530	0.000784265
531	0.000797422
532	0.000798181
533	0.000815552
534	0.000833519
535	0.000845385
536	0.00085827
537	0.000876889
538	0.000882344
539	0.000899985
540	0.000918465
541	0.000935432
542	0.000942916
543	0.000957745
544	0.000977342
545	0.000997397
546	0.001010733
547	0.001013919
548	0.001040294
549	0.001050803
550	0.001066484
551	0.001081657
552	0.001096079
553	0.001106522
554	0.001125634
555	0.001147071
556	0.001154097
557	0.001167714
558	0.001190101
559	0.001206672
560	0.001212829
561	0.001223987
562	0.00123359
563	0.001245814
564	0.001264955
565	0.001279908
566	0.001288176
567	0.00128805
568	0.001309626
569	0.001317416
570	0.001337044
571	0.001336945
572	0.001348634
573	0.001357589
574	0.00136978
575	0.001381368
576	0.001386145
577	0.001399226
578	0.001403019
579	0.001391995
580	0.001414106
581	0.001417995
582	0.001421561
583	0.001425724
584	0.001438035
585	0.001434297
586	0.001433365
587	0.001441085
588	0.0014316
589	0.001452194
590	0.001432834
591	0.001446022
592	0.001440404
593	0.001427489
594	0.001429563
595	0.001426478
596	0.001417682
597	0.001412788
598	0.001409402
599	0.001397082
600	0.001391575
601	0.001383352
602	0.001376638
603	0.001359017
604	0.001352275
605	0.001339447
606	0.001326799
607	0.001309407
608	0.001300365
609	0.00129251
610	0.001271921
611	0.001258393
612	0.001244325
613	0.001221777
614	0.001211723
615	0.001202276
616	0.001193955
617	0.001175908
618	0.001163307
619	0.00114306
620	0.00113531
621	0.001109987
622	0.001092475
623	0.001073755
624	0.001077831
625	0.001054395
626	0.001043641
627	0.001013632
628	0.001001234
629	0.000986113
630	0.000982517
631	0.00095261
632	0.000937218
633	0.000919937
634	0.000913605
635	0.000900727
636	0.000882573
637	0.000864076
638	0.000844919
639	0.000837145
640	0.000811839
641	0.000804412
642	0.000789464
643	0.00078078
644	0.000765599
645	0.000760067
646	0.000736579
647	0.000721363
648	0.000702093
649	0.000694169
650	0.000681677
651	0.000665486
652	0.000660163
653	0.000635402
654	0.000621682
655	0.000617079
656	0.000602616
657	0.000591706
658	0.000578518
659	0.000566511
660	0.000554294
661	0.000543024
662	0.000525878
663	0.00051538
664	0.000507672
665	0.000494655
666	0.000484229
667	0.000472459
668	0.000462335
669	0.000450625
670	0.000437051
671	0.000433046
672	0.000424517
673	0.000412187
674	0.000398468
675	0.000399883
676	0.000387339
677	0.000368435
678	0.000363066
679	0.00035856
680	0.000350872
681	0.000341239
682	0.000329206
683	0.000324773
684	0.000319035
685	0.000317368
686	0.000301092
687	0.000302833
688	0.000291443
689	0.000286146
690	0.000281623
691	0.000265377
692	0.00026602
693	0.000252209
694	0.000249415
695	0.000246454
696	0.00024318
697	0.000232165
698	0.00022758
699	0.000222357
700	0.000216404
701	0.000209259
702	0.000205706
703	0.000197046
704	0.000194455
705	0.000186486
706	0.000188565
707	0.000179159
708	0.000175222
709	0.000172802
710	0.000169333
711	0.000159528
712	0.000155119
713	0.000151304
714	0.000147889
715	0.000147757
716	0.000150179
717	0.000136947
718	0.000140118
719	0.000131117
720	0.000127276
721	0.000126549
722	0.000128322
723	0.000117647
724	0.000112685
725	0.000113988
726	0.00011435
727	0.000110632
728	0.000106009
729	0.000107783
730	0.000111369
731	0.000152309
732	0.000100759
733	9.35E-05
734	8.68E-05
735	8.82E-05
736	8.50E-05
737	8.57E-05
738	8.87E-05
739	7.87E-05
740	8.30E-05
741	7.90E-05
742	7.34E-05
743	7.24E-05
744	7.55E-05
745	7.29E-05
746	7.05E-05
747	6.65E-05
748	6.83E-05
749	6.54E-05
750	6.63E-05
751	6.60E-05
752	6.38E-05
753	5.88E-05
754	6.03E-05
755	5.62E-05
756	6.10E-05
757	5.68E-05
758	5.80E-05
759	5.82E-05
760	5.73E-05
761	5.47E-05
762	5.77E-05
763	5.67E-05
764	5.00E-05
765	5.20E-05
766	5.08E-05
767	5.12E-05
768	4.44E-05
769	4.34E-05
770	4.76E-05
771	5.59E-05
772	4.65E-05
773	4.71E-05
774	4.54E-05
775	4.69E-05
776	4.84E-05
777	4.04E-05
778	3.92E-05
779	4.24E-05
780	4.55E-05
781	0.000113742
782	3.85E-05
783	4.58E-05
784	4.18E-05
785	3.89E-05
786	3.62E-05
787	4.26E-05
788	4.27E-05
789	3.59E-05
790	3.49E-05
791	4.12E-05
792	3.65E-05
793	3.85E-05
794	3.53E-05
795	3.64E-05
796	3.09E-05
797	3.70E-05
798	4.14E-05
799	3.67E-05
800	3.90E-05
801	3.31E-05
802	4.80E-05
803	4.08E-05
804	3.77E-05
805	2.42E-05
806	3.71E-05
807	2.94E-05
808	2.80E-05
809	2.77E-05
810	4.38E-05
811	4.09E-05
812	3.66E-05
813	3.39E-05
814	3.31E-05
815	2.75E-05
816	2.56E-05
817	3.70E-05
818	3.03E-05
819	2.83E-05
820	3.01E-05
821	3.37E-05
822	2.65E-05
823	3.26E-05
824	3.41E-05
825	3.00E-05
826	2.41E-05
827	3.04E-05
828	3.66E-05
829	3.19E-05
830	3.39E-05
831	3.75E-05
832	4.43E-05
833	3.63E-05
834	3.46E-05
835	3.65E-05
836	3.32E-05
837	3.76E-05
838	2.65E-05
839	5.53E-05
840	4.60E-05
841	2.98E-05
842	3.63E-05
843	4.46E-05
844	3.14E-05
845	4.05E-05
846	5.55E-05
847	3.14E-05
848	4.63E-05
849	5.01E-05
850	4.38E-05
851	4.09E-05
852	4.56E-05
853	3.70E-05
854	3.37E-05
855	5.47E-05
856	3.96E-05
857	4.43E-05
858	3.20E-05
859	3.68E-05
860	4.88E-05
861	8.45E-05
862	5.94E-05
863	5.12E-05
864	8.29E-05
865	4.32E-05
866	4.47E-05
867	6.45E-05
868	4.58E-05
869	4.75E-05
870	5.38E-05
871	4.61E-05
872	5.85E-05
873	3.84E-05
874	5.91E-05
875	4.11E-05
876	4.60E-05
877	3.99E-05
878	6.33E-05
879	5.56E-05
880	4.18E-05
881	3.84E-05
882	6.66E-05
883	5.21E-05
884	3.51E-05
885	4.43E-05
886	4.17E-05
887	5.87E-05
888	3.50E-05
889	4.86E-05
890	6.42E-05
891	4.40E-05
892	5.67E-05
893	6.47E-05
894	5.72E-05
895	5.46E-05
896	4.73E-05
897	4.12E-05
898	5.37E-05
899	3.47E-05
900	3.76E-05
901	5.97E-05
902	5.31E-05
903	8.89E-05
904	6.66E-05
905	5.14E-05
906	6.09E-05
907	6.37E-05
908	7.09E-05
909	7.83E-05
910	6.18E-05
911	6.66E-05
912	4.73E-05
913	6.46E-05
914	6.77E-05
915	8.14E-05
916	3.50E-05
917	6.68E-05
918	6.77E-05
919	5.28E-05
920	7.77E-05
921	6.69E-05
922	7.16E-05
923	0.000114475
924	5.76E-05
925	8.61E-05
926	8.72E-05
927	6.82E-05
928	7.24E-05
929	0.000127727
930	8.77E-05
931	7.95E-05
932	8.47E-05
933	0.000108781
934	0.000126363
935	0.000151911
936	0.000102516
937	0.000172941
938	0.000122272
939	0.000215072
940	0.000312526
941	0.00024554
942	0.000246259
943	0.000372842
944	0.000327216
945	0.000305552
946	0.000251834
947	0.000265401
948	0.000207013
949	0.000255263
950	0.000218465
951	0.000264999
952	0.000253672
953	0.00017531
954	0.000268844
955	0.00021182
956	0.000211351
957	0.000253353
958	0.000182166
959	0.000152483
960	0.00014299
961	0.000182207
962	0.000168384
963	0.00019394
964	0.000230383
965	0.000147017
966	0.000215322
967	0.000173429
968	0.000224858
969	0.00020266
970	0.000208434
971	0.000115945
972	0.000205503
973	0.000187134
974	0.000212518
975	0.000160055
976	0.00022416
977	0.000208357
978	0.000204967
979	0.00016305
980	0.000270217
981	0.000196477
982	0.000221192
983	0.000198938
984	0.000271907
985	0.000214763
986	0.000189702
987	0.000163481
988	0.000315154
989	0.0001704
990	0.000290565
991	0.000310431
992	0.00018928
993	0.000214125
994	0.000443182
995	0.000304789
996	0.000393346
997	0.000279959
998	0.000326791
999	0.00029955
1000	0.000287027
