250	2943662.899
250.1	2942216.254
250.2	2947124.512
250.3	2952239.433
250.4	2949811.137
250.5	2952394.431
250.6	2956682.698
250.7	2960144.311
250.8	2961229.294
250.9	2965155.9
251	2970064.158
251.1	2968100.855
251.2	2969754.163
251.3	2972182.459
251.4	2970477.485
251.5	2972750.783
251.6	2973319.108
251.7	2969340.836
251.8	2973680.769
251.9	2981172.32
252	2980242.334
252.1	2981275.652
252.2	2983962.277
252.3	2980965.656
252.4	2984633.933
252.5	2982257.303
252.6	2979622.344
252.7	2981947.308
252.8	2983135.623
252.9	2987268.892
253	2984633.933
253.1	2982928.959
253.2	2985202.258
253.3	2985512.253
253.4	2989542.191
253.5	2991815.489
253.6	2988767.203
253.7	2987423.89
253.8	2988922.2
253.9	2988922.2
254	2983962.277
254.1	2984478.935
254.2	2987578.888
254.3	2990575.508
254.4	2993933.789
254.5	2993572.128
254.6	2991970.486
254.7	2990110.515
254.8	2994398.782
254.9	2996155.422
255	2993623.794
255.1	2994812.109
255.2	2996000.424
255.3	2994088.787
255.4	2991195.498
255.5	2996775.412
255.6	3000030.362
255.7	2994192.119
255.8	2995845.427
255.9	2998067.059
256	2993778.792
256.1	2997188.739
256.2	3003078.648
256.3	3000805.35
256.4	2999875.364
256.5	3003543.641
256.6	3005610.276
256.7	3008296.901
256.8	3011448.519
256.9	3011293.522
257	3014186.81
257.1	3018061.75
257.2	3024984.977
257.3	3025553.301
257.4	3020283.383
257.5	3028808.251
257.6	3035163.153
257.7	3035266.485
257.8	3035576.48
257.9	3033044.852
258	3034698.16
258.1	3042293.043
258.2	3044153.014
258.3	3040226.408
258.4	3039141.425
258.5	3042344.709
258.6	3047407.964
258.7	3052057.892
258.8	3052471.219
258.9	3048751.277
259	3052936.212
259.1	3055106.179
259.2	3052109.558
259.3	3057741.138
259.4	3057482.809
259.5	3051127.907
259.6	3049939.592
259.7	3046942.971
259.8	3047252.967
259.9	3047976.289
260	3047562.962
260.1	3044773.005
260.2	3038831.43
260.3	3032011.535
260.4	3026586.619
260.5	3028343.258
260.6	3021781.693
260.7	3014290.142
260.8	3012068.51
260.9	3006488.596
261	3002406.992
261.1	2995897.093
261.2	2987268.892
261.3	2980707.327
261.4	2971614.134
261.5	2962004.282
261.6	2954151.07
261.7	2946659.519
261.8	2939477.963
261.9	2931366.422
262	2917726.632
262.1	2904448.504
262.2	2896491.96
262.3	2886727.111
262.4	2875515.617
262.5	2864200.792
262.6	2845652.745
262.7	2828809.671
262.8	2819716.478
262.9	2804681.711
263	2790576.928
263.1	2777557.129
263.2	2760042.4
263.3	2744645.97
263.4	2730231.193
263.5	2711166.487
263.6	2690965.132
263.7	2676705.352
263.8	2665700.522
263.9	2647307.473
264	2627054.452
264.1	2610159.713
264.2	2583913.451
264.3	2565262.073
264.4	2554257.242
264.5	2531472.594
264.6	2508739.612
264.7	2490036.567
264.8	2469783.546
264.9	2449375.528
265	2429897.495
265.1	2409386.145
265.2	2382881.554
265.3	2360355.235
265.4	2345113.804
265.5	2324395.79
265.6	2301869.471
265.7	2282701.434
265.8	2257953.482
265.9	2237442.132
266	2222769.026
266.1	2199106.057
266.2	2180506.344
266.3	2164696.589
266.4	2143048.589
266.5	2121968.915
266.6	2097737.622
266.7	2077484.601
266.8	2067771.418
266.9	2055009.948
267	2031191.982
267.1	2008820.661
267.2	1987947.65
267.3	1970329.589
267.4	1955604.816
267.5	1938555.079
267.6	1916648.75
267.7	1898772.36
267.8	1885287.568
267.9	1868806.156
268	1854443.044
268.1	1837806.634
268.2	1822203.541
268.3	1809132.077
268.4	1793425.652
268.5	1770796.002
268.6	1759532.842
268.7	1749044.671
268.8	1727861.664
268.9	1715048.529
269	1703113.713
269.1	1688802.267
269.2	1675885.8
269.3	1662246.01
269.4	1648761.219
269.5	1640029.687
269.6	1629541.515
269.7	1612905.105
269.8	1603140.256
269.9	1592652.085
270	1579322.29
270.1	1569764.104
270.2	1559120.935
270.3	1551112.726
270.4	1544241.165
270.5	1530859.705
270.6	1517219.915
270.7	1510090.026
270.8	1499601.854
270.9	1483275.439
271	1472735.602
271.1	1464675.726
271.2	1454290.887
271.3	1440237.77
271.4	1430576.253
271.5	1424014.687
271.6	1415024.826
271.7	1408463.261
271.8	1395495.128
271.9	1386970.259
272	1382165.333
272.1	1370075.52
272.2	1364237.277
272.3	1357469.048
272.4	1345740.896
272.5	1340522.643
272.6	1332566.099
272.7	1323886.233
272.8	1320011.293
272.9	1314431.379
273	1310504.773
273.1	1307353.155
273.2	1302031.57
273.3	1289373.432
273.4	1282760.201
273.5	1282656.869
273.6	1271755.371
273.7	1262868.841
273.8	1257908.918
273.9	1251605.682
274	1246542.427
274.1	1240962.513
274.2	1235175.935
274.3	1230784.337
274.4	1226754.399
274.5	1218487.86
274.6	1212907.946
274.7	1211306.304
274.8	1205158.065
274.9	1198544.834
275	1194308.233
275.1	1190794.954
275.2	1187126.677
275.3	1179480.128
275.4	1171161.923
275.5	1170231.938
275.6	1164083.699
275.7	1155042.172
275.8	1154887.175
275.9	1151322.23
276	1143055.691
276.1	1137372.445
276.2	1133600.837
276.3	1125385.963
276.4	1120736.035
276.5	1119857.715
276.6	1114277.801
276.7	1108181.229
276.8	1103066.308
276.9	1098571.377
277	1097228.065
277.1	1092733.134
277.2	1087359.884
277.3	1087928.208
277.4	1084621.593
277.5	1080436.657
277.6	1078370.022
277.7	1076406.719
277.8	1071550.128
277.9	1069225.163
278	1070413.478
278.1	1064420.238
278.2	1056308.696
278.3	1056102.033
278.4	1058220.333
278.5	1056722.023
278.6	1055068.715
278.7	1046802.176
278.8	1040240.611
278.9	1042668.907
279	1036830.663
279.1	1029597.442
279.2	1029442.444
279.3	1027530.807
279.4	1024792.516
279.5	1023345.872
279.6	1021950.893
279.7	1020349.251
279.8	1021485.9
279.9	1019832.593
280	1016267.648
280.1	1013684.354
280.2	1009086.092
280.3	1007691.113
280.4	1005882.808
280.5	1003351.18
280.6	1001697.872
280.7	999269.5766
280.8	995239.6388
280.9	990486.3788
281	991829.6914
281.1	991054.7033
281.2	984958.1308
281.3	982633.1667
281.4	985371.4577
281.5	984028.1451
281.6	977001.5869
281.7	977156.5845
281.8	975606.6085
281.9	972041.6635
282	972919.9833
282.1	968321.7209
282.2	960468.5088
282.3	959435.1914
282.4	958660.2033
282.5	956335.2392
282.6	952666.9625
282.7	945847.0678
282.8	946518.7241
282.9	945382.075
283	939957.1587
283.1	940732.1467
283.2	939802.1611
283.3	938148.8533
283.4	940422.1515
283.5	936237.2161
283.6	931535.622
283.7	931122.2951
283.8	929158.992
283.9	928900.6627
284	928125.6746
284.1	927660.6818
284.2	927195.689
284.3	924819.059
284.4	920892.453
284.5	917792.5008
284.6	917017.5128
284.7	912109.2552
284.8	911282.6013
284.9	915467.5367
285	917792.5008
285.1	915984.1954
285.2	913400.9019
285.3	912522.5821
285.4	909990.9545
285.5	907872.6539
285.6	909680.9593
285.7	910559.2791
285.8	905496.0239
285.9	901621.0837
286	901104.425
286.1	901414.4203
286.2	901827.7472
286.3	899761.1124
286.4	897074.4872
286.5	896506.1627
286.6	897384.4825
286.7	896919.4896
286.8	899037.7903
286.9	902292.74
287	899916.11
287.1	898314.4681
287.2	896144.5016
287.3	892889.5518
287.4	896506.1627
287.5	897332.8166
287.6	894336.1962
287.7	894491.1938
287.8	897487.8142
287.9	901621.0837
288	897177.819
288.1	895731.1746
288.2	897177.819
288.3	895162.8501
288.4	894181.1986
288.5	890306.2584
288.6	892476.2249
288.7	892579.5566
288.8	889841.2656
288.9	892889.5518
289	892476.2249
289.1	890306.2584
289.2	892321.2273
289.3	893199.547
289.4	892889.5518
289.5	894542.8596
289.6	895162.8501
289.7	893354.5447
289.8	894181.1986
289.9	895266.1818
290	893664.5399
290.1	893199.547
290.2	892992.8836
290.3	892682.8884
290.4	889737.9338
290.5	890357.9242
290.6	890977.9147
290.7	890357.9242
290.8	893354.5447
290.9	896351.1651
291	892166.2297
291.1	885707.996
291.2	888859.614
291.3	893147.8812
291.4	890357.9242
291.5	890822.9171
291.6	895989.504
291.7	898469.4657
291.8	901156.0909
291.9	899761.1124
292	898727.7951
292.1	898882.7927
292.2	899606.1148
292.3	903791.0502
292.4	903687.7185
292.5	900329.437
292.6	902499.4035
292.7	906064.3485
292.8	903997.7137
292.9	903222.7257
293	906116.0144
293.1	908957.6372
293.2	909629.2935
293.3	907769.3222
293.4	908595.9761
293.5	912677.5797
293.6	916294.1906
293.7	920892.453
293.8	921202.4482
293.9	918619.1547
294	919084.1475
294.1	919135.8134
294.2	917482.5056
294.3	922442.429
294.4	925077.3884
294.5	921667.441
294.6	926575.6986
294.7	933653.9226
294.8	933498.925
294.9	935152.2329
295	940680.4809
295.1	937528.8628
295.2	937683.8604
295.3	943522.1037
295.4	945382.075
295.5	948068.7002
295.6	950135.3349
295.7	954630.2656
295.8	958505.2057
295.9	959848.5183
296	963826.7903
296.1	965015.1053
296.2	965635.0957
296.3	966151.7544
296.4	967960.0598
296.5	969768.3652
296.6	968115.0574
296.7	971576.6707
296.8	974728.2887
296.9	976071.6013
297	977311.5821
297.1	980979.8589
297.2	983459.8206
297.3	982839.8301
297.4	984441.4721
297.5	986921.4338
297.6	991674.6938
297.7	995239.6388
297.8	996014.6268
297.9	998701.252
298	1003402.846
298.1	1006709.462
298.2	1008052.774
298.3	1006812.793
298.4	1012547.705
298.5	1018644.278
298.6	1013219.361
298.7	1013736.02
298.8	1019522.597
298.9	1020865.91
299	1024224.191
299.1	1030010.769
299.2	1035177.356
299.3	1033317.384
299.4	1034505.699
299.5	1040963.933
299.6	1040498.94
299.7	1041170.596
299.8	1046802.176
299.9	1047112.171
300	1048662.148
300.1	1064265.24
300.2	1067416.858
300.3	1063593.584
300.4	1071911.789
300.5	1074598.414
300.6	1076045.058
300.7	1085706.576
300.8	1094231.444
300.9	1100534.68
301	1092009.812
301.1	1092268.141
301.2	1105597.935
301.3	1102911.31
301.4	1103221.305
301.5	1104254.623
301.6	1101154.671
301.7	1106527.921
301.8	1114742.794
301.9	1115362.785
302	1124042.651
302.1	1131947.529
302.2	1130759.214
302.3	1130604.216
302.4	1128072.589
302.5	1126729.276
302.6	1135564.14
302.7	1146672.301
302.8	1153905.523
302.9	1163153.714
303	1162120.396
303.1	1169611.947
303.2	1182063.422
303.3	1185060.042
303.4	1191363.278
303.5	1195599.88
303.6	1201128.128
303.7	1205571.392
303.8	1208568.013
303.9	1220089.502
304	1227942.714
304.1	1230371.01
304.2	1229544.356
304.3	1229544.356
304.4	1233625.959
304.5	1242047.496
304.6	1251192.355
304.7	1256100.612
304.8	1255687.285
304.9	1247007.419
305	1250727.362
305.1	1263178.837
305.2	1264315.486
305.3	1266175.457
305.4	1270360.392
305.5	1267777.099
305.6	1270825.385
305.7	1273667.008
305.8	1280280.239
305.9	1286893.47
306	1288753.442
306.1	1290045.089
306.2	1294901.68
306.3	1293300.038
306.4	1289683.427
306.5	1289270.1
306.6	1295211.675
306.7	1307559.818
306.8	1313398.061
306.9	1316963.006
307	1320321.288
307.1	1323472.906
307.2	1329311.149
307.3	1333134.423
307.4	1335614.385
307.5	1343777.593
307.6	1343260.934
307.7	1333806.08
307.8	1328329.498
307.9	1333444.419
308	1333444.419
308.1	1333186.089
308.2	1337836.018
308.3	1336751.034
308.4	1332101.106
308.5	1337474.356
308.6	1344139.254
308.7	1343467.597
308.8	1341762.624
308.9	1333754.414
309	1339437.659
309.1	1340832.638
309.2	1337267.693
309.3	1345740.896
309.4	1347135.874
309.5	1339902.652
309.6	1336492.705
309.7	1338146.013
309.8	1336751.034
309.9	1338146.013
310	1335097.726
310.1	1339747.655
310.2	1343519.263
310.3	1338559.34
310.4	1337474.356
310.5	1333806.08
310.6	1333909.411
310.7	1335149.392
310.8	1337526.022
310.9	1335459.388
311	1335769.383
311.1	1337112.695
311.2	1330292.801
311.3	1327967.837
311.4	1322387.923
311.5	1321354.605
311.6	1326159.531
311.7	1320269.622
311.8	1318047.99
311.9	1317169.67
312	1311848.085
312.1	1317273.002
312.2	1318822.978
312.3	1322542.92
312.4	1320734.615
312.5	1312778.071
312.6	1315051.369
312.7	1309368.124
312.8	1304976.525
312.9	1301256.582
313	1300223.265
313.1	1297639.971
313.2	1296761.652
313.3	1296709.986
313.4	1294230.024
313.5	1294230.024
313.6	1286893.47
313.7	1278265.27
313.8	1278936.927
313.9	1284000.182
314	1286221.814
314.1	1279815.246
314.2	1272272.03
314.3	1270102.063
314.4	1271755.371
314.5	1269275.409
314.6	1261370.531
314.7	1257443.925
314.8	1256720.603
314.9	1254757.3
315	1246800.756
315.1	1245819.104
315.2	1246387.429
315.3	1236209.253
315.4	1231404.327
315.5	1234814.274
315.6	1228821.033
315.7	1222517.797
315.8	1219211.182
315.9	1212081.292
316	1213062.943
316.1	1212391.287
316.2	1204228.08
316.3	1193429.913
316.4	1185835.03
316.5	1185938.362
316.6	1184491.718
316.7	1177516.825
316.8	1169353.618
316.9	1163618.707
317	1162998.716
317.1	1158503.785
317.2	1157057.141
317.3	1155403.833
317.4	1146827.299
317.5	1139645.743
317.6	1134685.82
317.7	1138715.758
317.8	1135615.805
317.9	1127349.266
318	1121459.357
318.1	1107096.246
318.2	1100328.017
318.3	1106992.914
318.4	1105287.94
318.5	1093921.449
318.6	1085706.576
318.7	1082864.953
318.8	1078576.686
318.9	1074598.414
319	1069741.822
319.1	1062921.927
319.2	1060080.305
319.3	1055068.715
319.4	1044012.219
319.5	1040498.94
319.6	1037347.322
319.7	1026704.153
319.8	1023190.874
319.9	1023035.876
320	1019987.59
320.1	1022105.891
320.2	1012186.044
320.3	998701.252
320.4	999269.5766
320.5	995911.2951
320.6	986404.7751
320.7	979378.2169
320.8	975296.6132
320.9	975038.2839
321	974004.9665
321.1	966771.7448
321.2	955973.5781
321.3	955250.256
321.4	960158.5136
321.5	951168.6523
321.6	941868.7959
321.7	933033.9322
321.8	925542.3812
321.9	922855.756
322	917120.8445
322.1	914330.8876
322.2	907872.6539
322.3	898107.8046
322.4	892992.8836
322.5	884778.0104
322.6	879353.0941
322.7	874444.8365
322.8	863491.6722
322.9	853933.4864
323	854346.8134
323.1	854398.4793
323.2	841637.0096
323.3	830218.8525
323.4	830218.8525
323.5	831407.1675
323.6	827997.2201
323.7	824638.9386
323.8	825103.9314
323.9	815494.0797
324	803972.5909
324.1	803972.5909
324.2	802629.2783
324.3	799632.6579
324.4	795137.7273
324.5	788886.1571
324.6	784804.5534
324.7	782272.9258
324.8	776589.6802
324.9	772921.4035
325	765946.5112
325.1	758868.2871
325.2	760366.5973
325.3	757369.9769
325.4	748225.118
325.5	742335.2089
325.6	739803.5813
325.7	735153.6531
325.8	729367.0758
325.9	728385.4242
326	720893.8732
326.1	712059.0096
326.2	710560.6994
326.3	706789.0909
326.4	705342.4466
326.5	700227.5255
326.6	692890.9721
326.7	690307.6786
326.8	686019.4115
326.9	683487.7839
327	680749.4928
327.1	678217.8652
327.2	676564.5574
327.3	673826.2663
327.4	670261.3214
327.5	663183.0973
327.6	661581.4553
327.7	659618.1523
327.8	653934.9067
327.9	647166.6778
328	643911.7281
328.1	645048.3772
328.2	641483.4322
328.3	642258.4203
328.4	641328.4346
328.5	635283.5279
328.6	631150.2584
328.7	627843.6427
328.8	622935.3852
328.9	619783.7671
329	623297.0463
329.1	620507.0893
329.2	613480.5311
329.3	614513.8485
329.4	609967.252
329.5	605627.319
329.6	605317.3238
329.7	601287.386
329.8	600977.3907
329.9	596379.1284
330	588835.9115
330.1	585529.2959
330.2	581189.3628
330.3	577211.0909
330.4	573542.8142
330.5	571889.5064
330.6	570236.1986
330.7	567291.244
330.8	563622.9673
330.9	561401.3349
331	561556.3325
331.1	556751.4067
331.2	553031.4641
331.3	552463.1396
331.4	550138.1754
331.5	546418.2329
331.6	544196.6005
331.7	542801.622
331.8	543628.2759
331.9	539805.0016
332	535671.7321
332.1	533346.7679
332.2	531280.1332
332.3	533656.7632
332.4	530866.8062
332.5	527870.1858
332.6	525286.8923
332.7	522031.9426
332.8	520378.6348
332.9	520636.9641
333	525441.89
333.1	522703.5989
333.2	514075.3987
333.3	509890.4633
333.4	510200.4585
333.5	512370.425
333.6	506997.1746
333.7	505550.5303
333.8	508237.1555
333.9	508185.4896
334	511027.1124
334.1	508340.4872
334.2	503277.2321
334.3	505653.862
334.4	507927.1603
334.5	505550.5303
334.6	505808.8596
334.7	505343.8668
334.8	500383.9434
334.9	497852.3158
335	497593.9864
335.1	499763.953
335.2	501313.929
335.3	503587.2273
335.4	500125.614
335.5	495010.693
335.6	494700.6978
335.7	493667.3804
335.8	496973.996
335.9	494752.3636
336	492582.3971
336.1	492789.0606
336.2	489120.7839
336.3	491239.0845
336.4	489120.7839
336.5	484109.1946
336.6	487829.1372
336.7	492272.4019
336.8	492582.3971
336.9	491290.7504
337	492014.0726
337.1	494545.7002
337.2	491445.748
337.3	486330.827
337.4	487932.4689
337.5	487622.4737
337.6	488139.1324
337.7	490670.76
337.8	491755.7432
337.9	492117.4043
338	490619.0941
338.1	488707.4569
338.2	491549.0797
338.3	492737.3947
338.4	492272.4019
338.5	495785.681
338.6	497542.3206
338.7	498627.3038
338.8	497128.9936
338.9	499815.6188
339	503070.5686
339.1	502243.9147
339.2	502502.244
339.3	504620.5447
339.4	506222.1866
339.5	507048.8405
339.6	513558.74
339.7	515212.0478
339.8	510562.1196
339.9	507462.1675
340	507307.1699
340.1	514643.7233
340.2	514798.7209
340.3	512887.0837
340.4	515367.0455
340.5	516917.0215
340.6	519706.9785
340.7	522755.2648
340.8	520378.6348
340.9	517640.3437
341	519551.9809
341.1	519448.6491
341.2	515677.0407
341.3	514075.3987
341.4	520068.6396
341.5	521876.945
341.6	520378.6348
341.7	516917.0215
341.8	515728.7065
341.9	518828.6587
342	517692.0096
342.1	517795.3413
342.2	514023.7329
342.3	509528.8022
342.4	514953.7185
342.5	513300.4107
342.6	509270.4729
342.7	513765.4035
342.8	510458.7879
342.9	504775.5423
343	506222.1866
343.1	503380.5638
343.2	501623.9242
343.3	503070.5686
343.4	501882.2536
343.5	500383.9434
343.6	499092.2967
343.7	493512.3828
343.8	492324.0678
343.9	493822.378
344	486899.1515
344.1	486020.8317
344.2	484780.8509
344.3	483282.5407
344.4	483024.2113
344.5	477909.2903
344.6	475119.3333
344.7	474189.3477
344.8	472122.7129
344.9	469074.4266
345	466387.8014
345.1	467317.7871
345.2	465147.8206
345.3	460497.8923
345.4	457862.933
345.5	452851.3437
345.6	450784.7089
345.7	451818.0263
345.8	453058.0072
345.9	451353.0335
346	441898.1794
346.1	438539.8979
346.2	445824.7855
346.3	445359.7927
346.4	440451.5351
346.5	437248.2512
346.6	432236.6619
346.7	431255.0104
346.8	429756.7002
346.9	425106.7719
347	423246.8006
347.1	425261.7695
347.2	420921.8365
347.3	415600.252
347.4	416891.8987
347.5	415238.5909
347.6	413171.9561
347.7	412396.9681
347.8	406817.0542
347.9	401805.4649
348	398963.8421
348.1	395295.5654
348.2	395760.5582
348.3	391265.6276
348.4	389663.9856
348.5	393022.2671
348.6	386512.3676
348.7	379537.4753
348.8	376902.5159
348.9	377005.8477
349	374370.8884
349.1	367912.6547
349.2	365019.366
349.3	361144.4258
349.4	357682.8126
349.5	354272.8652
349.6	347969.6292
349.7	344921.3429
349.8	339548.0925
349.9	335311.4912
350	335776.4841
350.1	334019.8445
350.2	329783.2432
350.3	322911.6826
350.4	319140.0742
350.5	318003.425
350.6	315988.4561
350.7	313198.4992
350.8	307050.2608
350.9	307308.5901
351	309530.2225
351.1	305706.9482
351.2	302968.6571
351.3	304311.9697
351.4	300023.7026
351.5	295167.1108
351.6	296407.0917
351.7	293100.4761
351.8	288243.8844
351.9	286487.2448
352	288915.5407
352.1	285608.925
352.2	279564.0183
352.3	277652.3812
352.4	277445.7177
352.5	277032.3907
352.6	272279.1308
352.7	273312.4482
352.8	273777.441
352.9	267164.2097
353	263082.6061
353.1	259310.9976
353.2	256314.3772
353.3	254557.7376
353.4	251664.449
353.5	249442.8166
353.6	246342.8644
353.7	246032.8692
353.8	248151.1699
353.9	242571.256
354	237146.3397
354.1	235648.0295
354.2	234304.7169
354.3	234356.3828
354.4	231463.0941
354.5	226348.173
354.6	224229.8724
354.7	221853.2424
354.8	222886.5598
354.9	222059.9059
355	216738.3214
355.1	216893.319
355.2	213276.7081
355.3	206146.8182
355.4	203563.5247
355.5	204493.5104
355.6	205268.4984
355.7	204648.508
355.8	202530.2073
355.9	198655.2671
356	195916.9761
356.1	193385.3485
356.2	192972.0215
356.3	190492.0598
356.4	186307.1244
356.5	187082.1124
356.6	184240.4896
356.7	181502.1986
356.8	182483.8501
356.9	177213.9314
357	173442.323
357.1	175095.6308
357.2	172512.3373
357.3	171530.6858
357.4	173493.9888
357.5	174165.6451
357.6	174682.3038
357.7	169360.7193
357.8	164762.4569
357.9	167604.0797
358	167707.4115
358.1	163884.1372
358.2	165072.4522
358.3	161559.173
358.4	161042.5144
358.5	163522.4761
358.6	160370.8581
358.7	158149.2257
358.8	155617.5981
358.9	155720.9298
359	154842.61
359.1	154532.6148
359.2	153964.2903
359.3	153344.2998
359.4	153240.9681
359.5	152620.9777
359.6	151277.6651
359.7	147712.7201
359.8	144767.7656
359.9	144819.4314
360	149004.3668
360.1	150244.3477
360.2	147092.7297
360.3	146886.0662
360.4	146782.7344
360.5	143579.4506
360.6	142597.799
360.7	143734.4482
360.8	143062.7919
360.9	141564.4817
361	140479.4984
361.1	136294.563
361.2	136294.563
361.3	137172.8828
361.4	133917.933
361.5	132367.9569
361.6	131592.9689
361.7	133917.933
361.8	135829.5702
361.9	132419.6228
362	130146.3246
362.1	128441.3509
362.2	127253.0359
362.3	127563.0311
362.4	128183.0215
362.5	128596.3485
362.6	126943.0407
362.7	126271.3844
362.8	124308.0813
362.9	123791.4226
363	123274.764
363.1	122499.7759
363.2	121879.7855
363.3	117539.8525
363.4	120226.4777
363.5	124979.7376
363.6	121879.7855
363.7	120691.4705
363.8	119348.1579
363.9	117333.189
364	119658.1531
364.1	120536.4729
364.2	120536.4729
364.3	121156.4633
364.4	119503.1555
364.5	119761.4848
364.6	121001.4657
364.7	120536.4729
364.8	120484.807
364.9	120794.8022
365	119968.1483
365.1	119658.1531
365.2	120536.4729
365.3	118728.1675
365.4	117126.5255
365.5	119141.4944
365.6	120484.807
365.7	120846.4681
365.8	117539.8525
365.9	114698.2297
366	119606.4872
366.1	124256.4155
366.2	122603.1077
366.3	118728.1675
366.4	119296.492
366.5	121776.4537
366.6	120123.1459
366.7	119813.1507
366.8	122603.1077
366.9	123068.1005
367	121414.7927
367.1	120071.4801
367.2	117694.8501
367.3	114956.559
367.4	113509.9147
367.5	115421.5518
367.6	119193.1603
367.7	119038.1627
367.8	118573.1699
367.9	119141.4944
368	117798.1818
368.1	118986.4968
368.2	120484.807
368.3	119606.4872
368.4	117694.8501
368.5	117126.5255
368.6	118314.8405
368.7	120278.1435
368.8	119813.1507
368.9	117694.8501
369	119296.492
369.1	122758.1053
369.2	124411.4131
369.3	126219.7185
369.4	127149.7041
369.5	126684.7113
369.6	127098.0383
369.7	124101.4179
369.8	121156.4633
369.9	123274.764
370	126271.3844
370.1	126116.3868
370.2	123068.1005
370.3	120123.1459
370.4	121724.7879
370.5	126529.7137
370.6	127408.0335
370.7	125134.7352
370.8	120846.4681
370.9	116609.8668
371	119193.1603
371.1	125444.7305
371.2	123274.764
371.3	118624.8357
371.4	119451.4896
371.5	122293.1124
371.6	123636.425
371.7	124411.4131
371.8	130094.6587
371.9	128803.012
372	123533.0933
372.1	123223.0981
372.2	123223.0981
372.3	128751.3461
372.4	130766.315
372.5	128441.3509
372.6	129423.0024
372.7	126219.7185
372.8	123068.1005
372.9	126943.0407
373	129939.6611
373.1	128803.012
373.2	126943.0407
373.3	126271.3844
373.4	128906.3437
373.5	129061.3413
373.6	126994.7065
373.7	128028.0239
373.8	128906.3437
373.9	129991.327
374	130146.3246
374.1	128338.0191
374.2	131644.6348
374.3	132109.6276
374.4	130559.6515
374.5	132987.9474
374.6	133607.9378
374.7	135674.5726
374.8	137947.8708
374.9	137121.2169
375	138102.8684
375.1	139136.1858
375.2	139549.5128
375.3	137327.8804
375.4	134331.26
375.5	136087.8995
375.6	137947.8708
375.7	137017.8852
375.8	135777.9043
375.9	136914.5534
376	137896.2049
376.1	137327.8804
376.2	135777.9043
376.3	133556.2719
376.4	132057.9617
376.5	132419.6228
376.6	133556.2719
376.7	133401.2743
376.8	135932.9019
376.9	136294.563
377	134951.2504
377.1	133297.9426
377.2	133607.9378
377.3	138826.1906
377.4	138412.8636
377.5	135519.575
377.6	136242.8971
377.7	135777.9043
377.8	136914.5534
377.9	137637.8756
378	137121.2169
378.1	137741.2073
378.2	135416.2432
378.3	135674.5726
378.4	138206.2002
378.5	138051.2026
378.6	133607.9378
378.7	133556.2719
378.8	135622.9067
378.9	137121.2169
379	136707.89
379.1	133556.2719
379.2	133091.2791
379.3	133607.9378
379.4	134124.5965
379.5	131954.63
379.6	134744.5869
379.7	136914.5534
379.8	135364.5774
379.9	134021.2648
380	136242.8971
380.1	141254.4864
380.2	139911.1738
380.3	139859.508
380.4	140169.5032
380.5	140324.5008
380.6	141099.4888
380.7	140634.496
380.8	142442.8014
380.9	142701.1308
381	142597.799
381.1	142907.7943
381.2	142391.1356
381.3	143631.1164
381.4	145904.4147
381.5	144664.4338
381.6	145904.4147
381.7	149056.0327
381.8	147041.0638
381.9	147196.0614
382	146421.0734
382.1	145077.7608
382.2	146731.0686
382.3	146007.7464
382.4	143889.4458
382.5	146782.7344
382.6	149882.6866
382.7	148229.3788
382.8	149159.3644
382.9	152930.9729
383	152724.3094
383.1	152465.9801
383.2	153654.2951
383.3	152724.3094
383.4	152465.9801
383.5	151122.6675
383.6	151587.6603
383.7	149779.3549
383.8	150554.3429
383.9	153705.9609
384	152465.9801
384.1	152620.9777
384.2	151845.9896
384.3	153499.2974
384.4	155772.5957
384.5	155049.2735
384.6	154274.2855
384.7	153344.2998
384.8	155152.6053
384.9	156185.9226
385	153964.2903
385.1	153240.9681
385.2	153189.3022
385.3	154842.61
385.4	158562.5526
385.5	159027.5455
385.6	157529.2352
385.7	158459.2209
385.8	160835.8509
385.9	159699.2018
386	158769.2161
386.1	159079.2113
386.2	155720.9298
386.3	157684.2329
386.4	162075.8317
386.5	161042.5144
386.6	157735.8987
386.7	159854.1994
386.8	162540.8246
386.9	161455.8413
387	160732.5191
387.1	161145.8461
387.2	162695.8222
387.3	163419.1443
387.4	163832.4713
387.5	161610.8389
387.6	161869.1683
387.7	163987.4689
387.8	161197.512
387.9	162644.1563
388	164917.4545
388.1	163109.1491
388.2	164039.1348
388.3	165020.7863
388.4	164865.7887
388.5	164865.7887
388.6	166984.0893
388.7	166725.76
388.8	167500.748
388.9	168689.063
389	168482.3995
389.1	168017.4067
389.2	166570.7624
389.3	169670.7145
389.4	171324.0223
389.5	170600.7002
389.6	170704.0319
389.7	170342.3708
389.8	172357.3397
389.9	174940.6332
390	174372.3086
390.1	171789.0152
390.2	173183.9936
390.3	172719.0008
390.4	171634.0175
390.5	172822.3325
390.6	173338.9912
390.7	175250.6284
390.8	174785.6356
390.9	174785.6356
391	176438.9434
391.1	174527.3062
391.2	170497.3684
391.3	171065.693
391.4	174372.3086
391.5	176490.6093
391.6	177833.9219
391.7	176490.6093
391.8	175508.9577
391.9	174837.3014
392	174837.3014
392.1	175198.9625
392.2	174062.3134
392.3	174165.6451
392.4	177058.9338
392.5	177058.9338
392.6	175973.9506
392.7	176490.6093
392.8	177368.929
392.9	178970.571
393	179280.5662
393.1	176335.6116
393.2	172873.9984
393.3	176593.941
393.4	180675.5447
393.5	181243.8692
393.6	181708.862
393.7	181553.8644
393.8	179642.2273
393.9	176748.9386
394	175663.9553
394.1	179435.5638
394.2	182122.189
394.3	182845.5112
394.4	183620.4992
394.5	182328.8525
394.6	181863.8596
394.7	180623.8788
394.8	180158.886
394.9	180985.5399
395	178505.5781
395.1	178970.571
395.2	180313.8836
395.3	182897.177
395.4	183775.4968
395.5	180623.8788
395.6	180675.5447
395.7	179642.2273
395.8	180623.8788
395.9	182173.8549
396	183155.5064
396.1	183052.1746
396.2	182897.177
396.3	181967.1914
396.4	180830.5423
396.5	183000.5088
396.6	183672.1651
396.7	182587.1818
396.8	182328.8525
396.9	183827.1627
397	184653.8166
397.1	183775.4968
397.2	183620.4992
397.3	182587.1818
397.4	182277.1866
397.5	183827.1627
397.6	183930.4944
397.7	182897.177
397.8	182122.189
397.9	183155.5064
398	183775.4968
398.1	181863.8596
398.2	180468.8812
398.3	179125.5686
398.4	177988.9195
398.5	180313.8836
398.6	180468.8812
398.7	180003.8884
398.8	179280.5662
398.9	179900.5566
399	180158.886
399.1	177472.2608
399.2	177678.9242
399.3	175663.9553
399.4	174630.638
399.5	174837.3014
399.6	177627.2584
399.7	180520.547
399.8	177782.256
399.9	177782.256
400	177317.2632
400.1	174010.6475
400.2	171995.6786
400.3	172667.3349
400.4	173442.323
400.5	172977.3301
400.6	176128.9482
400.7	177162.2656
400.8	175353.9601
400.9	175353.9601
401	172667.3349
401.1	171685.6834
401.2	172357.3397
401.3	171065.693
401.4	172822.3325
401.5	175095.6308
401.6	173442.323
401.7	173855.6499
401.8	175870.6188
401.9	174837.3014
402	173183.9936
402.1	173855.6499
402.2	174165.6451
402.3	172873.9984
402.4	172254.008
402.5	173338.9912
402.6	174010.6475
402.7	173028.996
402.8	172202.3421
402.9	171479.0199
403	169257.3876
403.1	168017.4067
403.2	168637.3971
403.3	169722.3804
403.4	171220.6906
403.5	169412.3852
403.6	167759.0774
403.7	167759.0774
403.8	166984.0893
403.9	165847.4402
404	165382.4474
404.1	165847.4402
404.2	166209.1013
404.3	165485.7791
404.4	166260.7671
404.5	167707.4115
404.6	164917.4545
404.7	163574.1419
404.8	165537.445
404.9	165382.4474
405	164917.4545
405.1	164607.4593
405.2	163522.4761
405.3	163677.4737
405.4	166054.1037
405.5	167759.0774
405.6	166364.0989
405.7	166519.0965
405.8	168069.0726
405.9	167604.0797
406	165382.4474
406.1	162954.1515
406.2	165020.7863
406.3	170445.7026
406.4	170032.3756
406.5	168327.4019
406.6	168327.4019
406.7	166519.0965
406.8	165485.7791
406.9	164297.4641
407	163832.4713
407.1	164917.4545
407.2	166519.0965
407.3	167190.7528
407.4	164865.7887
407.5	162799.1539
407.6	163264.1467
407.7	162954.1515
407.8	158872.5478
407.9	156547.5837
408	157684.2329
408.1	159492.5383
408.2	159854.1994
408.3	157890.8963
408.4	158562.5526
408.5	158614.2185
408.6	158459.2209
408.7	157270.9059
408.8	154894.2759
408.9	155565.9322
409	158717.5502
409.1	160370.8581
409.2	158924.2137
409.3	157270.9059
409.4	156082.5909
409.5	154842.61
409.6	152879.307
409.7	152052.6531
409.8	152207.6507
409.9	152310.9825
410	153034.3046
410.1	153189.3022
410.2	153240.9681
410.3	153395.9657
410.4	151225.9992
410.5	150502.677
410.6	150347.6794
410.7	150554.3429
410.8	151071.0016
410.9	150657.6746
411	150812.6722
411.1	151432.6627
411.2	150657.6746
411.3	148591.0399
411.4	148694.3716
411.5	146266.0758
411.6	144664.4338
411.7	145697.7512
411.8	145439.4219
411.9	145077.7608
412	144819.4314
412.1	146162.744
412.2	148281.0447
412.3	147971.0494
412.4	143631.1164
412.5	142236.138
412.6	144974.429
412.7	144509.4362
412.8	143476.1188
412.9	143579.4506
413	143889.4458
413.1	141357.8182
413.2	139704.5104
413.3	140789.4936
413.4	141099.4888
413.5	140272.8349
413.6	139084.5199
413.7	138412.8636
413.8	140582.8301
413.9	143062.7919
414	141667.8134
414.1	140582.8301
414.2	141564.4817
414.3	141202.8206
414.4	140634.496
414.5	142081.1404
414.6	140789.4936
414.7	140634.496
414.8	141771.1451
414.9	140789.4936
415	139446.181
415.1	138516.1954
415.2	138206.2002
415.3	137792.8732
415.4	137947.8708
415.5	137792.8732
415.6	137431.2121
415.7	135984.5678
415.8	138412.8636
415.9	139756.1762
416	137896.2049
416.1	137896.2049
416.2	135364.5774
416.3	135416.2432
416.4	135984.5678
416.5	135261.2456
416.6	135622.9067
416.7	135829.5702
416.8	134951.2504
416.9	134279.5941
417	134589.5893
417.1	134021.2648
417.2	134744.5869
417.3	135106.248
417.4	135777.9043
417.5	134331.26
417.6	132987.9474
417.7	132212.9593
417.8	132832.9498
417.9	134021.2648
418	133866.2671
418.1	135622.9067
418.2	135674.5726
418.3	134951.2504
418.4	136139.5654
418.5	135261.2456
418.6	135054.5821
418.7	136294.563
418.8	134951.2504
418.9	133297.9426
419	133762.9354
419.1	133866.2671
419.2	132419.6228
419.3	130869.6467
419.4	131902.9641
419.5	133866.2671
419.6	133297.9426
419.7	133917.933
419.8	133556.2719
419.9	132264.6252
420	132264.6252
420.1	131437.9713
420.2	131902.9641
420.3	134486.2576
420.4	136449.5606
420.5	134641.2552
420.6	134486.2576
420.7	133607.9378
420.8	132109.6276
420.9	134124.5965
421	135054.5821
421.1	135364.5774
421.2	135054.5821
421.3	133866.2671
421.4	134486.2576
421.5	133297.9426
421.6	131902.9641
421.7	132832.9498
421.8	132936.2815
421.9	132936.2815
422	133091.2791
422.1	133607.9378
422.2	132987.9474
422.3	134744.5869
422.4	133401.2743
422.5	131954.63
422.6	133866.2671
422.7	133556.2719
422.8	134486.2576
422.9	135054.5821
423	133866.2671
423.1	132419.6228
423.2	132781.2839
423.3	134331.26
423.4	134434.5917
423.5	134331.26
423.6	134796.2528
423.7	134589.5893
423.8	135054.5821
423.9	134951.2504
424	132936.2815
424.1	130869.6467
424.2	131334.6396
424.3	132057.9617
424.4	130456.3198
424.5	130301.3222
424.6	130766.315
424.7	130404.6539
424.8	131799.6324
424.9	131437.9713
425	129268.0048
425.1	127769.6946
425.2	126839.7089
425.3	127976.3581
425.4	129216.3389
425.5	128493.0167
425.6	126478.0478
425.7	128958.0096
425.8	128648.0144
425.9	127873.0263
426	130146.3246
426.1	130559.6515
426.2	130869.6467
426.3	129836.3293
426.4	130094.6587
426.5	129836.3293
426.6	127304.7018
426.7	127408.0335
426.8	127253.0359
426.9	125134.7352
427	125134.7352
427.1	126478.0478
427.2	126529.7137
427.3	127614.697
427.4	128803.012
427.5	127459.6994
427.6	128596.3485
427.7	131179.6419
427.8	132264.6252
427.9	131489.6372
428	131437.9713
428.1	132367.9569
428.2	131644.6348
428.3	131437.9713
428.4	132832.9498
428.5	132936.2815
428.6	132057.9617
428.7	130611.3174
428.8	130456.3198
428.9	132781.2839
429	132419.6228
429.1	131179.6419
429.2	133452.9402
429.3	134124.5965
429.4	130301.3222
429.5	128183.0215
429.6	129991.327
429.7	130559.6515
429.8	129836.3293
429.9	129526.3341
430	129991.327
430.1	130301.3222
430.2	130249.6563
430.3	130766.315
430.4	131799.6324
430.5	133556.2719
430.6	131644.6348
430.7	130249.6563
430.8	131334.6396
430.9	132781.2839
431	133917.933
431.1	133556.2719
431.2	133452.9402
431.3	132264.6252
431.4	132419.6228
431.5	135261.2456
431.6	135261.2456
431.7	135209.5797
431.8	135932.9019
431.9	136914.5534
432	136449.5606
432.1	134641.2552
432.2	134796.2528
432.3	134744.5869
432.4	136914.5534
432.5	138412.8636
432.6	137637.8756
432.7	139704.5104
432.8	141099.4888
432.9	141409.4841
433	141409.4841
433.1	140634.496
433.2	140789.4936
433.3	141667.8134
433.4	142132.8062
433.5	140479.4984
433.6	142081.1404
433.7	143941.1116
433.8	142236.138
433.9	142236.138
434	145697.7512
434.1	146731.0686
434.2	145387.756
434.3	145439.4219
434.4	145904.4147
434.5	146731.0686
434.6	147661.0542
434.7	146421.0734
434.8	145129.4266
434.9	146472.7392
435	148126.047
435.1	148539.374
435.2	147402.7249
435.3	149417.6938
435.4	152000.9872
435.5	149572.6914
435.6	149624.3573
435.7	151845.9896
435.8	151535.9944
435.9	152000.9872
436	150709.3405
436.1	149314.362
436.2	150399.3453
436.3	150347.6794
436.4	150554.3429
436.5	152000.9872
436.6	152000.9872
436.7	154274.2855
436.8	154532.6148
436.9	154222.6196
437	155462.6005
437.1	155410.9346
437.2	154584.2807
437.3	154584.2807
437.4	155720.9298
437.5	155720.9298
437.6	156495.9179
437.7	157064.2424
437.8	157064.2424
437.9	160267.5263
438	162230.8293
438.1	162489.1587
438.2	163264.1467
438.3	163522.4761
438.4	162334.1611
438.5	162540.8246
438.6	163729.1396
438.7	163264.1467
438.8	163677.4737
438.9	163987.4689
439	164607.4593
439.1	166415.7648
439.2	168379.0678
439.3	169360.7193
439.4	170859.0295
439.5	169722.3804
439.6	167449.0821
439.7	168534.0654
439.8	171220.6906
439.9	171634.0175
440	170135.7073
440.1	171324.0223
440.2	172719.0008
440.3	174010.6475
440.4	175508.9577
440.5	175250.6284
440.6	175095.6308
440.7	175405.626
440.8	174992.299
440.9	175250.6284
441	175663.9553
441.1	177368.929
441.2	178505.5781
441.3	178815.5734
441.4	178970.571
441.5	177472.2608
441.6	179332.2321
441.7	181140.5375
441.8	181657.1962
441.9	183465.5016
442	184085.492
442.1	184808.8142
442.2	186203.7927
442.3	187495.4394
442.4	189303.7448
442.5	190647.0574
442.6	191422.0455
442.7	192455.3628
442.8	194418.6659
442.9	196950.2935
443	198758.5989
443.1	200928.5654
443.2	201290.2265
443.3	200308.575
443.4	200928.5654
443.5	200876.8995
443.6	203098.5319
443.7	204751.8397
443.8	204751.8397
443.9	206405.1475
444	206405.1475
444.1	207593.4625
444.2	208678.4458
444.3	207903.4577
444.4	210951.744
444.5	214723.3525
444.6	214723.3525
444.7	215240.0112
444.8	216583.3238
444.9	216789.9872
445	219166.6172
445.1	221594.9131
445.2	222783.2281
445.3	225366.5215
445.4	228156.4785
445.5	227691.4856
445.6	227123.1611
445.7	228466.4737
445.8	229189.7959
445.9	232496.4115
446	234201.3852
446.1	234718.0439
446.2	237508.0008
446.3	238541.3182
446.4	239832.9649
446.5	241537.9386
446.6	241847.9338
446.7	244379.5614
446.8	246859.5231
446.9	246859.5231
447	247841.1746
447.1	250372.8022
447.2	252491.1029
447.3	255022.7305
447.4	257812.6874
447.5	258587.6754
447.6	259465.9952
447.7	260860.9737
447.8	262772.6108
447.9	264580.9163
448	265510.9019
448.1	267939.1978
448.2	269695.8373
448.3	269075.8469
448.4	270780.8206
448.5	272124.1332
448.6	272795.7895
448.7	273880.7727
448.8	275585.7464
448.9	279564.0183
449	284058.949
449.1	286022.252
449.2	287055.5694
449.3	289225.5359
449.4	289587.197
449.5	290723.8461
449.6	294082.1276
449.7	295632.1037
449.8	295063.7791
449.9	297285.4115
450	299662.0415
450.1	298577.0582
450.2	300695.3589
450.3	303381.9841
450.4	304001.9745
450.5	306740.2656
450.6	310460.2081
450.7	311803.5207
450.8	312165.1818
450.9	315110.1364
451	317228.437
451.1	318106.7568
451.2	318881.7448
451.3	320948.3796
451.4	324306.6611
451.5	326838.2887
451.6	329059.9211
451.7	330299.9019
451.8	333451.5199
451.9	337791.453
452	340013.0853
452.1	342441.3812
452.2	343629.6962
452.3	345231.3381
452.4	348227.9585
452.5	350759.5861
452.6	353446.2113
452.7	355874.5072
452.8	357682.8126
452.9	357682.8126
453	358561.1324
453.1	363107.7289
453.2	365897.6858
453.3	368067.6523
453.4	370392.6164
453.5	373854.2297
453.6	378039.1651
453.7	381190.7831
453.8	383670.7448
453.9	383619.0789
454	385427.3844
454.1	388165.6754
454.2	390697.303
454.3	391885.618
454.4	393538.9258
454.5	396380.5486
454.6	397723.8612
454.7	399067.1738
454.8	402167.126
454.9	405215.4123
455	408522.0279
455.1	411983.6411
455.2	412861.9609
455.3	414618.6005
455.4	416633.5694
455.5	419010.1994
455.6	421283.4976
455.7	421593.4928
455.8	424590.1132
455.9	427586.7337
456	429911.6978
456.1	433218.3134
456.2	436059.9362
456.3	439056.5566
456.4	441949.8453
456.5	446031.449
456.6	448253.0813
456.7	449389.7305
456.8	451714.6946
456.9	453936.327
457	456829.6156
457.1	459051.248
457.2	462306.1978
457.3	466077.8062
457.4	469332.756
457.5	471967.7153
457.6	474189.3477
457.7	475532.6603
457.8	477650.9609
457.9	479304.2687
458	481835.8963
458.1	485762.5024
458.2	488139.1324
458.3	490619.0941
458.4	494235.7049
458.5	495785.681
458.6	497542.3206
458.7	501055.5997
458.8	503380.5638
458.9	505653.862
459	509115.4753
459.1	511647.1029
459.2	513558.74
459.3	516762.0239
459.4	517692.0096
459.5	519138.6539
459.6	522445.2695
459.7	524201.9091
459.8	526475.2073
459.9	528490.1762
460	531125.1356
460.1	534173.4219
460.2	537273.374
460.3	539391.6746
460.4	541613.307
460.5	544144.9346
460.6	544661.5933
460.7	545333.2496
460.8	546624.8963
460.9	550964.8293
461	555614.7576
461.1	557526.3947
461.2	558869.7073
461.3	560678.0128
461.4	564397.9553
461.5	569512.8764
461.6	570701.1914
461.7	572096.1699
461.8	576384.437
461.9	577934.4131
462	578967.7305
462.1	582067.6826
462.2	585270.9665
462.3	587699.2624
462.4	589300.9043
462.5	590644.2169
462.6	593692.5032
462.7	597412.4458
462.8	599685.744
462.9	602837.362
463	604025.677
463.1	606092.3118
463.2	610122.2496
463.3	612705.5431
463.4	616632.1491
463.5	618492.1204
463.6	618802.1156
463.7	621850.4019
463.8	627068.6547
463.9	630788.5973
464	631460.2536
464.1	634250.2105
464.2	637711.8238
464.3	640295.1172
464.4	641638.4298
464.5	642568.4155
464.6	646701.685
464.7	650163.2982
464.8	653211.5845
464.9	657241.5223
465	659463.1547
465.1	660496.4721
465.2	663544.7584
465.3	668349.6842
465.4	672069.6268
465.5	674342.925
465.6	676512.8915
465.7	679509.512
465.8	681782.8102
465.9	683487.7839
466	685812.748
466.1	689274.3612
466.2	693769.2919
466.3	697437.5686
466.4	700589.1866
466.5	702914.1507
466.6	706117.4346
466.7	709269.0526
466.8	711904.012
466.9	714642.303
467	718672.2408
467.1	722908.8421
467.2	724820.4793
467.3	728023.7632
467.4	730503.7249
467.5	733655.3429
467.6	737891.9442
467.7	740578.5694
467.8	744608.5072
467.9	748690.1108
468	753133.3756
468.1	756491.6571
468.2	760469.929
468.3	765171.5231
468.4	768168.1435
468.5	772043.0837
468.6	776073.0215
468.7	779689.6324
468.8	783874.5678
468.9	788989.4888
469	791366.1188
469.1	792399.4362
469.2	797049.3644
469.3	802370.949
469.4	805625.8987
469.5	807589.2018
469.6	810689.1539
469.7	816992.39
469.8	821642.3182
469.9	824845.6021
470	830787.177
470.1	835023.7783
470.2	837710.4035
470.3	842360.3317
470.4	846286.9378
470.5	850575.2049
470.6	856000.1212
470.7	860960.0447
470.8	864989.9825
470.9	870259.9011
471	876718.1348
471.1	881678.0582
471.2	886999.6427
471.3	891391.2416
471.4	896506.1627
471.5	901724.4155
471.6	906116.0144
471.7	910869.2743
471.8	917172.5104
471.9	923320.7488
472	927505.6842
472.1	933395.5933
472.2	937735.5263
472.3	942385.4545
472.4	948533.693
472.5	952563.6308
472.6	959745.1866
472.7	968011.7257
472.8	972351.6587
472.9	977983.2384
473	984493.138
473.1	988523.0758
473.2	996066.2927
473.3	1004746.159
473.4	1009241.089
473.5	1014717.671
473.6	1020607.581
473.7	1025412.506
473.8	1032490.73
473.9	1040240.611
474	1045200.534
474.1	1051762.1
474.2	1058685.326
474.3	1064368.572
474.4	1072015.12
474.5	1080436.657
474.6	1086739.893
474.7	1091183.158
474.8	1097073.067
474.9	1106786.25
475	1113554.479
475.1	1118204.407
475.2	1127969.257
475.3	1137062.45
475.4	1142590.698
475.5	1148170.612
475.6	1156850.478
475.7	1166202
475.8	1174106.878
475.9	1180978.439
476	1187488.338
476.1	1195961.541
476.2	1205726.39
476.3	1214302.924
476.4	1220554.494
476.5	1226547.735
476.6	1235279.267
476.7	1246800.756
476.8	1254343.973
476.9	1259820.555
477	1268138.76
477.1	1277128.621
477.2	1287461.795
477.3	1294023.36
477.4	1301204.916
477.5	1312209.746
477.6	1322801.25
477.7	1330292.801
477.8	1336751.034
477.9	1347859.196
478	1360878.995
478.1	1369868.856
478.2	1377412.073
478.3	1386866.927
478.4	1396321.781
478.5	1408411.595
478.6	1416626.468
478.7	1423084.702
478.8	1433004.549
478.9	1442356.071
479	1452689.245
479.1	1461627.44
479.2	1470617.301
479.3	1479658.829
479.4	1489527.01
479.5	1499291.859
479.6	1507041.739
479.7	1516031.6
479.8	1527139.762
479.9	1538712.917
480	1545481.146
480.1	1554626.005
480.2	1565269.174
480.3	1575912.343
480.4	1588363.817
480.5	1597508.676
480.6	1606136.876
480.7	1616986.709
480.8	1627629.878
480.9	1634346.441
481	1644214.622
481.1	1656511.099
481.2	1667670.927
481.3	1678262.43
481.4	1687613.952
481.5	1699083.775
481.6	1713653.55
481.7	1726208.356
481.8	1737006.523
481.9	1746668.041
482	1754624.585
482.1	1766146.073
482.2	1779579.199
482.3	1788724.058
482.4	1795698.951
482.5	1807943.762
482.6	1821170.224
482.7	1832950.042
482.8	1843593.211
482.9	1851704.753
483	1862916.246
483.1	1874954.394
483.2	1884409.248
483.3	1897170.718
483.4	1911430.498
483.5	1925018.621
483.6	1936540.11
483.7	1943463.337
483.8	1953951.508
483.9	1968831.278
484	1981954.409
484.1	1994250.886
484.2	2004635.726
484.3	2014813.902
484.4	2026387.057
484.5	2039303.524
484.6	2049895.027
484.7	2059608.211
484.8	2074487.981
484.9	2087507.78
485	2097737.622
485.1	2106262.49
485.2	2115304.018
485.3	2127600.494
485.4	2139276.981
485.5	2150075.148
485.6	2160821.648
485.7	2172653.132
485.8	2187119.576
485.9	2197401.084
486	2206390.945
486.1	2217809.102
486.2	2226695.632
486.3	2236408.815
486.4	2249841.941
486.5	2259813.454
486.6	2267718.332
486.7	2279446.484
486.8	2292466.283
486.9	2301766.14
487	2314165.948
487.1	2329614.043
487.2	2338965.565
487.3	2351262.042
487.4	2361853.545
487.5	2369706.758
487.6	2380918.251
487.7	2392439.74
487.8	2401016.274
487.9	2408197.83
488	2418944.331
488.1	2428760.846
488.2	2440850.659
488.3	2451235.499
488.4	2459295.375
488.5	2470455.203
488.6	2478928.405
488.7	2488434.925
488.8	2496339.803
488.9	2505329.664
489	2518091.134
489.1	2525117.692
489.2	2533229.234
489.3	2543097.415
489.4	2551105.624
489.5	2561283.801
489.6	2569808.669
489.7	2575181.919
489.8	2584068.449
489.9	2593781.632
490	2602203.169
490.1	2611193.03
490.2	2620492.887
490.3	2629792.743
490.4	2638265.946
490.5	2646377.487
490.6	2653042.384
490.7	2659035.625
490.8	2669782.126
490.9	2680011.968
491	2687916.846
491.1	2691946.784
491.2	2697836.693
491.3	2709771.509
491.4	2717211.394
491.5	2723359.632
491.6	2731419.508
491.7	2740151.04
491.8	2746660.939
491.9	2751052.538
492	2759474.075
492.1	2768412.27
492.2	2774715.506
492.3	2781638.733
492.4	2790008.604
492.5	2799050.131
492.6	2806490.016
492.7	2810726.617
492.8	2815169.882
492.9	2822868.096
493	2829636.325
493.1	2835939.561
493.2	2841157.814
493.3	2850457.671
493.4	2859860.859
493.5	2863012.477
493.6	2867559.073
493.7	2872777.326
493.8	2880010.548
493.9	2888948.743
494	2891945.364
494.1	2893650.337
494.2	2898661.927
494.3	2905895.148
494.4	2911578.394
494.5	2915350.002
494.6	2922686.556
494.7	2928421.467
494.8	2932451.405
494.9	2939219.634
495	2945212.875
495.1	2948519.49
495.2	2950844.455
495.3	2953531.08
495.4	2954667.729
495.5	2958852.664
495.6	2965155.9
495.7	2970115.824
495.8	2974094.096
495.9	2978020.702
496	2982102.305
496.1	2987268.892
496.2	2989903.852
496.3	2992125.484
496.4	2997343.737
496.5	2999617.035
496.6	3001270.343
496.7	3007676.911
496.8	3013566.82
496.9	3015478.457
497	3019405.063
497.1	3025863.297
497.2	3029169.912
497.3	3033148.184
497.4	3038314.771
497.5	3039606.418
497.6	3043378.026
497.7	3047872.957
497.8	3050146.255
497.9	3054176.193
498	3056862.818
498.1	3059084.451
498.2	3062391.066
498.3	3066266.006
498.4	3069055.963
498.5	3070244.278
498.6	3071587.591
498.7	3075565.863
498.8	3081869.099
498.9	3086054.034
499	3088172.335
499.1	3091065.624
499.2	3094527.237
499.3	3097988.85
499.4	3103207.103
499.5	3105428.735
499.6	3106617.05
499.7	3111783.637
499.8	3116691.895
499.9	3120566.835
500	3125681.756
500.1	3131055.006
500.2	3135446.605
500.3	3136634.92
500.4	3136273.259
500.5	3138701.555
500.6	3143558.147
500.7	3150068.046
500.8	3156371.282
500.9	3161072.876
501	3165567.807
501.1	3169184.418
501.2	3174144.341
501.3	3179310.928
501.4	3184167.52
501.5	3191349.076
501.6	3198065.639
501.7	3201837.247
501.8	3207675.49
501.9	3213668.731
502	3216717.018
502.1	3223433.581
502.2	3229271.824
502.3	3234386.745
502.4	3239863.327
502.5	3244254.926
502.6	3248491.527
502.7	3254588.1
502.8	3262234.648
502.9	3267762.896
503	3275719.44
503.1	3282745.998
503.2	3287240.929
503.3	3295662.466
503.4	3304239
503.5	3308682.265
503.6	3314262.179
503.7	3325680.336
503.8	3335135.19
503.9	3342110.082
504	3348413.318
504.1	3357093.184
504.2	3366909.699
504.3	3376157.89
504.4	3385044.419
504.5	3390830.997
504.6	3400130.853
504.7	3410619.025
504.8	3419660.552
504.9	3429218.738
505	3439396.914
505.1	3450711.739
505.2	3462233.228
505.3	3473961.38
505.4	3483984.559
505.5	3493387.747
505.6	3504960.902
505.7	3518290.696
505.8	3529812.185
505.9	3541230.342
506	3555335.124
506.1	3570886.551
506.2	3585714.656
506.3	3595996.163
506.4	3607000.994
506.5	3620382.454
506.6	3635262.224
506.7	3649212.009
506.8	3659803.512
506.9	3673908.294
507	3691423.024
507.1	3706922.785
507.2	3721027.567
507.3	3732704.053
507.4	3746963.833
507.5	3765976.873
507.6	3781683.297
507.7	3795013.092
507.8	3810771.182
507.9	3827562.589
508	3847247.285
508.1	3862540.383
508.2	3878711.8
508.3	3900101.47
508.4	3919631.168
508.5	3937765.888
508.6	3953988.971
508.7	3970160.388
508.8	3987106.793
508.9	4006584.826
509	4025597.866
509.1	4043319.259
509.2	4060523.994
509.3	4080622.017
509.4	4104284.985
509.5	4128722.941
509.6	4149027.628
509.7	4166077.364
509.8	4186950.376
509.9	4210561.678
510	4234121.314
510.1	4259799.251
510.2	4285838.849
510.3	4305833.541
510.4	4325879.898
510.5	4350576.183
510.6	4376822.445
510.7	4402293.719
510.8	4425440.028
510.9	4448793.001
511	4472197.64
511.1	4496170.603
511.2	4523346.85
511.3	4550419.766
511.4	4577544.347
511.5	4603480.613
511.6	4628435.228
511.7	4653544.841
511.8	4679481.107
511.9	4706192.361
512	4732851.95
512.1	4763438.144
512.2	4788496.091
512.3	4812159.059
512.4	4842590.256
512.5	4873228.116
512.6	4905002.626
512.7	4934813.833
512.8	4957908.476
512.9	4986066.375
513	5018512.541
513.1	5052612.014
513.2	5086969.817
513.3	5117556.012
513.4	5148297.204
513.5	5173148.487
513.6	5201926.376
513.7	5236129.182
513.8	5266302.049
513.9	5299419.872
514	5334500.997
514.1	5361057.254
514.2	5390971.792
514.3	5428894.54
514.4	5463149.011
514.5	5496266.833
514.6	5529177.992
514.7	5562244.148
514.8	5593398.667
514.9	5626206.494
515	5663250.923
515.1	5698332.048
515.2	5732379.856
515.3	5770095.94
515.4	5801663.786
515.5	5831319.995
515.6	5868932.748
515.7	5905047.191
515.8	5939973.318
515.9	5976759.417
516	6006415.626
516.1	6036536.828
516.2	6069809.648
516.3	6108920.711
516.4	6150046.742
516.5	6184197.882
516.6	6218349.022
516.7	6250020.199
516.8	6283034.69
516.9	6320027.452
517	6360636.825
517.1	6402899.506
517.2	6444025.538
517.3	6477401.69
517.4	6509847.856
517.5	6545600.637
517.6	6585641.686
517.7	6627956.033
517.8	6665878.781
517.9	6703181.538
518	6733147.742
518.1	6764922.252
518.2	6804239.978
518.3	6846967.652
518.4	6887473.694
518.5	6926223.096
518.6	6962802.531
518.7	6994938.702
518.8	7032809.784
518.9	7066754.26
519	7100440.407
519.1	7142548.09
519.2	7186257.415
519.3	7226040.135
519.4	7261172.926
519.5	7296874.041
519.6	7333608.474
519.7	7368069.609
519.8	7403099.069
519.9	7444328.432
520	7482716.173
520.1	7517952.296
520.2	7558613.335
520.3	7592351.148
520.4	7623092.34
520.5	7658845.121
520.6	7697129.53
520.7	7738513.892
520.8	7777469.957
520.9	7814359.388
521	7850318.833
521.1	7880646.698
521.2	7910406.238
521.3	7942232.414
521.4	7977158.541
521.5	8013169.652
521.6	8046235.809
521.7	8084158.557
521.8	8121512.98
521.9	8151840.845
522	8182633.703
522.1	8213116.566
522.2	8242049.453
522.3	8272790.645
522.4	8303945.164
522.5	8336236.333
522.6	8369870.813
522.7	8401076.998
522.8	8428976.568
522.9	8461061.073
523	8494333.892
523.1	8520321.825
523.2	8545896.43
523.3	8575707.636
523.4	8605105.516
523.5	8634090.069
523.6	8659251.347
523.7	8686427.594
523.8	8711433.875
523.9	8733288.537
524	8757933.157
524.1	8791515.972
524.2	8819312.21
524.3	8837808.591
524.4	8862659.874
524.5	8884152.876
524.6	8902235.93
524.7	8917684.025
524.8	8942483.642
524.9	8967489.923
525	8987122.953
525.1	9009752.604
525.2	9015435.849
525.3	9030728.947
525.4	9060436.821
525.5	9079863.188
525.6	9095466.281
525.7	9109261.068
525.8	9125019.158
525.9	9138968.943
526	9151988.742
526.1	9165008.541
526.2	9178131.671
526.3	9194458.086
526.4	9211714.486
526.5	9223080.978
526.6	9234447.469
526.7	9246795.612
526.8	9255165.482
526.9	9258265.435
527	9262450.37
527.1	9267720.289
527.2	9271905.224
527.3	9286629.997
527.4	9302491.419
527.5	9306831.352
527.6	9306831.352
527.7	9309982.97
527.8	9317474.521
527.9	9322744.439
528	9324862.74
528.1	9322744.439
528.2	9325947.723
528.3	9328117.69
528.4	9328117.69
528.5	9327084.372
528.6	9328169.356
528.7	9328169.356
528.8	9322796.105
528.9	9325947.723
529	9319592.821
529.1	9316441.203
529.2	9312101.27
529.3	9301458.101
529.4	9295154.865
529.5	9283478.379
529.6	9274023.525
529.7	9268753.606
529.8	9268753.606
529.9	9264568.671
530	9250980.547
530.1	9238632.404
530.2	9226180.93
530.3	9213781.121
530.4	9197454.707
530.5	9186294.879
530.6	9178131.671
530.7	9162011.92
530.8	9143928.866
530.9	9129049.096
531	9111224.371
531.1	9091591.341
531.2	9074954.931
531.3	9053668.593
531.4	9030625.615
531.5	9013524.212
531.6	8999367.764
531.7	8984281.33
531.8	8961910.009
531.9	8936903.728
532	8912259.108
532.1	8893142.737
532.2	8869841.43
532.3	8843956.829
532.4	8821120.515
532.5	8797509.213
532.6	8777669.519
532.7	8751113.262
532.8	8725693.655
532.9	8693919.145
533	8660129.667
533.1	8629233.477
533.2	8593894.022
533.3	8569301.069
533.4	8545121.442
533.5	8513398.598
533.6	8479092.461
533.7	8449074.591
533.8	8414406.793
533.9	8372144.112
534	8341299.588
534.1	8316551.636
534.2	8285965.442
534.3	8248197.691
534.4	8213116.566
534.5	8175348.816
534.6	8133086.135
534.7	8094853.392
534.8	8055535.665
534.9	8019162.893
535	7988421.701
535.1	7952875.583
535.2	7911026.229
535.3	7867213.572
535.4	7824279.234
535.5	7781809.89
535.6	7739650.541
535.7	7703277.769
535.8	7663495.049
535.9	7614050.813
536	7569514.833
536.1	7527717.145
536.2	7483749.49
536.3	7439110.179
536.4	7400309.112
536.5	7357219.777
536.6	7308498.862
536.7	7264737.871
536.8	7218703.581
536.9	7173960.939
537	7127254.993
537.1	7080497.381
537.2	7034773.087
537.3	6985277.184
537.4	6942136.183
537.5	6899150.18
537.6	6848879.289
537.7	6796851.759
537.8	6747407.522
537.9	6701218.235
538	6660195.535
538.1	6613282.926
538.2	6558672.102
538.3	6507987.884
538.4	6461333.604
538.5	6418347.601
538.6	6368851.699
538.7	6313982.545
538.8	6262471.674
538.9	6212820.774
539	6172934.722
539.1	6130103.717
539.2	6077559.528
539.3	6030388.589
539.4	5976604.419
539.5	5921218.608
539.6	5881384.222
539.7	5838759.88
539.8	5783477.4
539.9	5731604.868
540	5681953.967
540.1	5635971.344
540.2	5591177.035
540.3	5539407.834
540.4	5481077.068
540.5	5420576.335
540.6	5375678.695
540.7	5330161.064
540.8	5271675.3
540.9	5216392.82
541	5165966.931
541.1	5112492.757
541.2	5063410.181
541.3	5017375.892
541.4	4964935.034
541.5	4909600.888
541.6	4853853.415
541.7	4809679.097
541.8	4767106.421
541.9	4716990.528
542	4667701.289
542.1	4619083.706
542.2	4569794.467
542.3	4528668.435
542.4	4486457.419
542.5	4438356.495
542.6	4387052.287
542.7	4334611.43
542.8	4293640.396
542.9	4249879.404
543	4199350.184
543.1	4147322.654
543.2	4098033.415
543.3	4058612.356
543.4	4016608.005
543.5	3967990.422
543.6	3920561.154
543.7	3874216.869
543.8	3825805.95
543.9	3785764.901
544	3746912.167
544.1	3700774.546
544.2	3657220.219
544.3	3613459.227
544.4	3575536.479
544.5	3536115.421
544.6	3490597.79
544.7	3448593.439
544.8	3406434.089
544.9	3367788.019
545	3330743.591
545.1	3288170.915
545.2	3244099.928
545.3	3200648.932
545.4	3157301.268
545.5	3114780.258
545.6	3073034.235
545.7	3039451.42
545.8	3004731.956
545.9	2962417.609
546	2923461.544
546.1	2885228.801
546.2	2844309.432
546.3	2805146.703
546.4	2767223.955
546.5	2728267.89
546.6	2691223.462
546.7	2654230.699
546.8	2622094.529
546.9	2591869.995
547	2556788.87
547.1	2520312.766
547.2	2483423.336
547.3	2447360.559
547.4	2413261.085
547.5	2376423.321
547.6	2340412.21
547.7	2307139.39
547.8	2271128.279
547.9	2239973.76
548	2211247.537
548.1	2177148.063
548.2	2144495.234
548.3	2115975.674
548.4	2086474.463
548.5	2054854.951
548.6	2024165.424
548.7	1994612.547
548.8	1964026.352
548.9	1934163.48
549	1910810.507
549.1	1886992.541
549.2	1858782.977
549.3	1830470.081
549.4	1803190.502
549.5	1777512.565
549.6	1751834.628
549.7	1725950.027
549.8	1701202.076
549.9	1676505.79
550	1649742.87
550.1	1630006.508
550.2	1610941.802
550.3	1586710.51
550.4	1564804.181
550.5	1543156.182
550.6	1518614.894
550.7	1494486.933
550.8	1473045.597
550.9	1451707.593
551	1430421.255
551.1	1409651.576
551.2	1391826.851
551.3	1373640.465
551.4	1353542.442
551.5	1332979.426
551.6	1311021.431
551.7	1288081.785
551.8	1268965.414
551.9	1250675.696
552	1230061.014
552.1	1210117.989
552.2	1190329.961
552.3	1174675.203
552.4	1159898.764
552.5	1141712.378
552.6	1124662.641
552.7	1106941.248
552.8	1088238.203
552.9	1071911.789
553	1054965.384
553.1	1037812.315
553.2	1020710.912
553.3	1003712.841
553.4	989143.0662
553.5	974986.618
553.6	958246.8764
553.7	942075.4593
553.8	927195.689
553.9	913400.9019
554	899192.7879
554.1	885088.0056
554.2	870363.2329
554.3	854243.4817
554.4	840603.6922
554.5	830683.8453
554.6	819575.6834
554.7	805625.8987
554.8	791366.1188
554.9	777416.3341
555	764809.862
555.1	753340.0391
555.2	741456.8892
555.3	728902.0829
555.4	717328.9282
555.5	705755.7735
555.6	696352.5853
555.7	686484.4043
555.8	673877.9322
555.9	663493.0925
556	653211.5845
556.1	641328.4346
556.2	630375.2703
556.3	620765.4187
556.4	610742.24
556.5	600977.3907
556.6	590179.2241
556.7	579742.7185
556.8	570546.1938
556.9	560626.3469
557	551481.488
557.1	542646.6244
557.2	533346.7679
557.3	524046.9115
557.4	515522.0431
557.5	506687.1794
557.6	498472.3062
557.7	489430.7791
557.8	482249.2233
557.9	476152.6507
558	468764.4314
558.1	460342.8947
558.2	451353.0335
558.3	444533.1388
558.4	437609.9123
558.5	429498.3708
558.6	422936.8054
558.7	417511.8892
558.8	409865.3405
558.9	402787.1164
559	397258.8684
559.1	391885.618
559.2	385840.7113
559.3	377884.1675
559.4	373544.2344
559.5	369514.2967
559.6	362901.0654
559.7	356959.4904
559.8	351379.5766
559.9	345438.0016
560	340426.4123
560.1	335621.4864
560.2	331178.2217
560.3	325598.3078
560.4	318830.0789
560.5	313663.492
560.6	309375.2249
560.7	305345.2871
560.8	299713.7073
560.9	292738.815
561	286952.2376
561.1	283335.6268
561.2	280597.3357
561.3	275999.0734
561.4	270780.8206
561.5	266957.5463
561.6	263392.6013
561.7	258484.3437
561.8	254506.0718
561.9	251406.1196
562	247324.5159
562.1	242674.5877
562.2	238541.3182
562.3	234614.7121
562.4	231773.0893
562.5	229396.4593
562.6	226089.8437
562.7	222214.9035
562.8	217513.3094
562.9	213948.3644
563	210590.0829
563.1	205991.8206
563.2	203563.5247
563.3	201135.2289
563.4	195916.9761
563.5	193540.3461
563.6	192300.3652
563.7	189613.74
563.8	186048.7951
563.9	182277.1866
564	178815.5734
564.1	176335.6116
564.2	174217.311
564.3	172202.3421
564.4	168999.0582
564.5	165692.4426
564.6	163057.4833
564.7	160990.8485
564.8	158717.5502
564.9	155720.9298
565	155152.6053
565.1	153550.9633
565.2	150812.6722
565.3	147712.7201
565.4	145697.7512
565.5	144767.7656
565.6	143579.4506
565.7	141409.4841
565.8	137896.2049
565.9	135829.5702
566	133711.2695
566.1	131799.6324
566.2	129939.6611
566.3	128338.0191
566.4	127408.0335
566.5	125134.7352
566.6	123533.0933
566.7	120794.8022
566.8	118418.1722
566.9	117126.5255
567	114801.5614
567.1	114078.2392
567.2	112631.5949
567.3	111081.6188
567.4	109583.3086
567.5	107310.0104
567.6	105501.7049
567.7	104313.39
567.8	102556.7504
567.9	101523.433
568	100903.4426
568.1	98165.15152
568.2	97441.82935
568.3	96666.84131
568.4	94135.21372
568.5	93256.89394
568.6	91448.58852
568.7	90260.27352
568.8	90725.26635
568.9	88710.29745
569	86901.99203
569.1	86075.33812
569.2	85403.68182
569.3	84112.03509
569.4	83182.04944
569.5	83027.05183
569.6	81993.73445
569.7	79772.10207
569.8	78997.11404
569.9	77808.79904
570	76258.82297
570.1	74088.85646
570.2	73313.86842
570.3	73313.86842
570.4	70782.24083
570.5	70627.24322
570.6	69903.92105
570.7	68405.61085
570.8	68767.27193
570.9	67113.96411
571	64943.99761
571.1	64892.33174
571.2	65408.99043
571.3	64169.00957
571.4	62929.02871
571.5	61895.71132
571.6	60139.07177
571.7	60139.07177
571.8	59364.08373
571.9	57400.7807
572	56264.13158
572.1	57762.44179
572.2	58124.10287
572.3	56057.4681
572.4	54145.83094
572.5	54145.83094
572.6	53835.83573
572.7	52492.52313
572.8	53060.84769
572.9	51820.86683
573	51304.20813
573.1	51304.20813
573.2	50374.22249
573.3	50787.54944
573.4	50632.55183
573.5	50787.54944
573.6	51562.53748
573.7	50322.55662
573.8	49444.23684
573.9	49134.24163
574	47997.5925
574.1	49030.90989
574.2	49134.24163
574.3	48100.92424
574.4	47842.5949
574.5	47790.92903
574.6	48410.91946
574.7	47480.93381
574.8	46034.28947
574.9	44949.30622
575	43812.6571
575.1	43967.6547
575.2	44690.97687
575.3	44122.65231
575.4	42831.00558
575.5	42262.68102
575.6	42469.3445
575.7	42314.34689
575.8	42314.34689
575.9	42159.34928
576	40454.3756
576.1	39007.73126
576.2	38491.07257
576.3	39989.38278
576.4	41539.35885
576.5	40609.37321
576.6	40764.37081
576.7	40506.04147
576.8	39834.38517
576.9	39989.38278
577	40299.37799
577.1	39576.05582
577.2	39421.05821
577.3	41539.35885
577.4	40041.04864
577.5	38491.07257
577.6	40144.38038
577.7	39989.38278
577.8	38697.73604
577.9	37509.42105
578	37302.75758
578.1	36889.43062
578.2	36889.43062
578.3	37147.75997
578.4	35804.44737
578.5	34771.12998
578.6	36114.44258
578.7	35546.11802
578.8	33117.82217
578.9	33169.48804
579	32394.5
579.1	31826.17544
579.2	33117.82217
579.3	33169.48804
579.4	32342.83413
579.5	33272.81978
579.6	33582.81499
579.7	32962.82456
579.8	32549.49761
579.9	32032.83892
580	32084.50478
580.1	31361.18262
580.2	30844.52392
580.3	30689.52632
580.4	30172.86762
580.5	31826.17544
580.6	32549.49761
580.7	30276.19936
580.8	31154.51914
580.9	31361.18262
581	30741.19219
581.1	32032.83892
581.2	32394.5
581.3	31774.50957
581.4	31309.51675
581.5	30534.52871
581.6	29966.20415
581.7	29862.87241
581.8	28932.88676
581.9	28932.88676
582	30017.87002
582.1	30276.19936
582.2	29862.87241
582.3	29656.20893
582.4	29656.20893
582.5	29707.8748
582.6	29707.8748
582.7	29242.88198
582.8	28674.55742
582.9	28519.55981
583	29087.88437
583.1	28002.90112
583.2	27537.90829
583.3	28312.89633
583.4	27847.90351
583.5	27537.90829
583.6	26866.25199
583.7	27589.57416
583.8	28157.89872
583.9	26969.58373
584	25832.93461
584.1	25781.26874
584.2	25316.27592
584.3	26039.59809
584.4	26659.58852
584.5	25781.26874
584.6	26711.25439
584.7	26246.26156
584.8	25471.27352
584.9	26711.25439
585	26401.25917
585.1	26504.59091
585.2	27589.57416
585.3	27331.24482
585.4	26866.25199
585.5	27847.90351
585.6	28312.89633
585.7	27589.57416
585.8	25626.27113
585.9	25471.27352
586	27434.57656
586.1	27899.56938
586.2	26969.58373
586.3	26659.58852
586.4	28364.5622
586.5	27692.9059
586.6	27176.24721
586.7	28209.56459
586.8	27744.57177
586.9	28209.56459
587	28054.56699
587.1	27589.57416
587.2	27331.24482
587.3	27124.58134
587.4	28054.56699
587.5	28157.89872
587.6	28622.89155
587.7	29501.21132
587.8	27899.56938
587.9	27124.58134
588	28829.55502
588.1	29242.88198
588.2	29191.21611
588.3	28519.55981
588.4	27899.56938
588.5	28364.5622
588.6	29036.2185
588.7	29501.21132
588.8	28054.56699
588.9	28002.90112
589	28674.55742
589.1	28777.88915
589.2	28157.89872
589.3	26969.58373
589.4	27279.57895
589.5	28054.56699
589.6	27279.57895
589.7	26866.25199
589.8	26039.59809
589.9	25316.27592
590	24747.95136
590.1	22939.64593
590.2	23197.97528
590.3	24747.95136
590.4	25626.27113
590.5	23869.63158
590.6	22681.31659
590.7	25006.2807
590.8	24179.62679
590.9	22681.31659
591	23404.63876
591.1	23249.64115
591.2	23042.97767
591.3	23404.63876
591.4	24127.96093
591.5	24541.28788
591.6	24747.95136
591.7	24541.28788
591.8	24592.95375
591.9	25057.94657
592	24592.95375
592.1	24334.6244
592.2	24334.6244
592.3	23817.96571
592.4	25057.94657
592.5	25471.27352
592.6	24696.28549
592.7	25626.27113
592.8	26349.5933
592.9	26246.26156
593	26866.25199
593.1	27434.57656
593.2	26504.59091
593.3	26401.25917
593.4	27692.9059
593.5	28467.89394
593.6	29242.88198
593.7	29191.21611
593.8	27279.57895
593.9	27589.57416
594	27744.57177
594.1	26659.58852
594.2	27589.57416
594.3	26659.58852
594.4	26814.58612
594.5	27537.90829
594.6	27021.2496
594.7	27124.58134
594.8	26556.25678
594.9	26401.25917
595	26659.58852
595.1	27744.57177
595.2	27847.90351
595.3	27899.56938
595.4	28519.55981
595.5	28312.89633
595.6	27847.90351
595.7	28777.88915
595.8	29707.8748
595.9	29191.21611
596	27692.9059
596.1	26866.25199
596.2	28054.56699
596.3	27537.90829
596.4	27331.24482
596.5	28932.88676
596.6	29087.88437
596.7	28364.5622
596.8	27537.90829
596.9	27331.24482
597	27847.90351
597.1	28674.55742
597.2	28002.90112
597.3	26401.25917
597.4	26659.58852
597.5	27434.57656
597.6	27537.90829
597.7	27744.57177
597.8	28002.90112
597.9	26091.26396
598	25781.26874
598.1	26969.58373
598.2	25471.27352
598.3	25006.2807
598.4	26039.59809
598.5	26659.58852
598.6	26866.25199
598.7	26659.58852
598.8	26659.58852
598.9	26194.59569
599	27021.2496
599.1	27589.57416
599.2	26091.26396
599.3	25161.27831
599.4	25677.937
599.5	26556.25678
599.6	26039.59809
599.7	26969.58373
599.8	28002.90112
599.9	26814.58612
600	26659.58852
600.1	28054.56699
600.2	29242.88198
600.3	28777.88915
600.4	29087.88437
600.5	30276.19936
600.6	29656.20893
600.7	29242.88198
600.8	28674.55742
600.9	28777.88915
601	29397.87959
601.1	29862.87241
601.2	30017.87002
601.3	30844.52392
601.4	30689.52632
601.5	29242.88198
601.6	29811.20654
601.7	30586.19458
601.8	31051.1874
601.9	31206.18501
602	30431.19697
602.1	29242.88198
602.2	29501.21132
602.3	29397.87959
602.4	28054.56699
602.5	28519.55981
602.6	29811.20654
602.7	29862.87241
602.8	28674.55742
602.9	28054.56699
603	28364.5622
603.1	28467.89394
603.2	28622.89155
603.3	27899.56938
603.4	27847.90351
603.5	28829.55502
603.6	28622.89155
603.7	27899.56938
603.8	28622.89155
603.9	28932.88676
604	28674.55742
604.1	29397.87959
604.2	30121.20175
604.3	29811.20654
604.4	30689.52632
604.5	30999.52153
604.6	30586.19458
604.7	30586.19458
604.8	29656.20893
604.9	29966.20415
605	31309.51675
605.1	31774.50957
605.2	32084.50478
605.3	32497.83174
605.4	30586.19458
605.5	30121.20175
605.6	31051.1874
605.7	31154.51914
605.8	31671.17783
605.9	32652.82935
606	31671.17783
606.1	29656.20893
606.2	30431.19697
606.3	32032.83892
606.4	31154.51914
606.5	30999.52153
606.6	31619.51196
606.7	30896.18979
606.8	29501.21132
606.9	30017.87002
607	32187.83652
607.1	32497.83174
607.2	31671.17783
607.3	31516.18022
607.4	31206.18501
607.5	29966.20415
607.6	29811.20654
607.7	29397.87959
607.8	29552.87719
607.9	29862.87241
608	29862.87241
608.1	29862.87241
608.2	29966.20415
608.3	30586.19458
608.4	30017.87002
608.5	29087.88437
608.6	29966.20415
608.7	31464.51435
608.8	31516.18022
608.9	33014.49043
609	34357.80303
609.1	33686.14673
609.2	32394.5
609.3	31929.50718
609.4	32187.83652
609.5	33117.82217
609.6	33324.48565
609.7	32342.83413
609.8	32394.5
609.9	33737.8126
610	33427.81738
610.1	32084.50478
610.2	33014.49043
610.3	32652.82935
610.4	32187.83652
610.5	33169.48804
610.6	33169.48804
610.7	33324.48565
610.8	33737.8126
610.9	33841.14434
611	35236.12281
611.1	34771.12998
611.2	33892.81021
611.3	34357.80303
611.4	33686.14673
611.5	34357.80303
611.6	33582.81499
611.7	33737.8126
611.8	34306.13716
611.9	32962.82456
612	31826.17544
612.1	30844.52392
612.2	32239.50239
612.3	32652.82935
612.4	32497.83174
612.5	33324.48565
612.6	32652.82935
612.7	32807.82695
612.8	33014.49043
612.9	32704.49522
613	32239.50239
613.1	31361.18262
613.2	30586.19458
613.3	30431.19697
613.4	31464.51435
613.5	32187.83652
613.6	31464.51435
613.7	30172.86762
613.8	29656.20893
613.9	28829.55502
614	28932.88676
614.1	28674.55742
614.2	27537.90829
614.3	27692.9059
614.4	28209.56459
614.5	28312.89633
614.6	28209.56459
614.7	28002.90112
614.8	27537.90829
614.9	27176.24721
615	26969.58373
615.1	26246.26156
615.2	25781.26874
615.3	26711.25439
615.4	28054.56699
615.5	28622.89155
615.6	28777.88915
615.7	28467.89394
615.8	27899.56938
615.9	28209.56459
616	29242.88198
616.1	30121.20175
616.2	29036.2185
616.3	27899.56938
616.4	27744.57177
616.5	28364.5622
616.6	30121.20175
616.7	29191.21611
616.8	28002.90112
616.9	29191.21611
617	28674.55742
617.1	28364.5622
617.2	29656.20893
617.3	27744.57177
617.4	27021.2496
617.5	28674.55742
617.6	29346.21372
617.7	28157.89872
617.8	27124.58134
617.9	28622.89155
618	29087.88437
618.1	29087.88437
618.2	29242.88198
618.3	28519.55981
618.4	28777.88915
618.5	29552.87719
618.6	28829.55502
618.7	28364.5622
618.8	29346.21372
618.9	29242.88198
619	28519.55981
619.1	27021.2496
619.2	26349.5933
619.3	28674.55742
619.4	29552.87719
619.5	28002.90112
619.6	26556.25678
619.7	25522.93939
619.8	27021.2496
619.9	27899.56938
620	26814.58612
620.1	26504.59091
620.2	25006.2807
620.3	25316.27592
620.4	26814.58612
620.5	26504.59091
620.6	25522.93939
620.7	25522.93939
620.8	26659.58852
620.9	26246.26156
621	25316.27592
621.1	25212.94418
621.2	25832.93461
621.3	26091.26396
621.4	25626.27113
621.5	25006.2807
621.6	26039.59809
621.7	25936.26635
621.8	24437.95614
621.9	25367.94179
622	25677.937
622.1	24282.95853
622.2	23662.9681
622.3	24179.62679
622.4	25006.2807
622.5	24851.28309
622.6	23972.96332
622.7	22784.64833
622.8	22474.65311
622.9	22629.65072
623	23197.97528
623.1	22009.66029
623.2	20356.35247
623.3	20201.35486
623.4	19684.69617
623.5	20046.35726
623.6	19684.69617
623.7	18909.70813
623.8	18444.71531
623.9	19633.0303
624	20873.01116
624.1	20666.34769
624.2	20511.35008
624.3	19633.0303
624.4	19323.03509
624.5	20873.01116
624.6	21286.33812
624.7	20873.01116
624.8	21028.00877
624.9	21596.33333
625	20511.35008
625.1	19219.70335
625.2	20563.01595
625.3	20356.35247
625.4	20201.35486
625.5	20873.01116
625.6	21183.00638
625.7	22681.31659
625.8	22164.65789
625.9	21131.34051
626	20563.01595
626.1	20666.34769
626.2	21544.66746
626.3	20408.01834
626.4	19478.0327
626.5	19478.0327
626.6	19478.0327
626.7	19478.0327
626.8	19891.35965
626.9	20356.35247
627	19684.69617
627.1	19168.03748
627.2	18444.71531
627.3	17566.39553
627.4	18134.7201
627.5	18599.71292
627.6	18599.71292
627.7	18393.04944
627.8	17876.39075
627.9	17979.72249
628	17721.39314
628.1	17049.73684
628.2	17411.39793
628.3	17876.39075
628.4	18444.71531
628.5	17979.72249
628.6	17514.72967
628.7	18031.38836
628.8	17359.73206
628.9	16791.4075
629	17514.72967
629.1	17049.73684
629.2	16688.07576
629.3	17359.73206
629.4	16688.07576
629.5	16533.07815
629.6	16533.07815
629.7	15448.0949
629.8	15138.09968
629.9	15396.42903
630	13898.11882
630.1	14518.10925
630.2	15913.08772
630.3	15861.42185
630.4	15138.09968
630.5	14518.10925
630.6	14828.10447
630.7	15138.09968
630.8	16171.41707
630.9	14724.77273
631	13898.11882
631.1	15758.09011
631.2	14724.77273
631.3	13949.78469
631.4	15396.42903
631.5	15551.42663
631.6	15293.09729
631.7	13536.45774
631.8	13174.79665
631.9	15034.76794
632	16326.41467
632.1	16016.41946
632.2	14053.11643
632.3	14104.7823
632.4	15758.09011
632.5	15138.09968
632.6	14569.77512
632.7	15034.76794
632.8	16016.41946
632.9	16223.08293
633	14363.11164
633.1	13174.79665
633.2	14414.77751
633.3	15448.0949
633.4	14518.10925
633.5	14104.7823
633.6	13743.12121
633.7	13743.12121
633.8	13639.78947
633.9	13226.46252
634	12761.4697
634.1	12916.4673
634.2	12554.80622
634.3	13381.46013
634.4	12244.811
634.5	11728.15231
634.6	13898.11882
634.7	13639.78947
634.8	13639.78947
634.9	12761.4697
635	12451.47448
635.1	12916.4673
635.2	12451.47448
635.3	11883.14992
635.4	11056.49601
635.5	10746.5008
635.6	10901.49841
635.7	11573.1547
635.8	11263.15949
635.9	10901.49841
636	12399.80861
636.1	11986.48166
636.2	12451.47448
636.3	12038.14753
636.4	11728.15231
636.5	11986.48166
636.6	11573.1547
636.7	12761.4697
636.8	11831.48405
636.9	10488.17145
637	11366.49123
637.1	12451.47448
637.2	11573.1547
637.3	10333.17384
637.4	9919.84689
637.5	10901.49841
637.6	10539.83732
637.7	10023.17863
637.8	10229.84211
637.9	10384.83971
638	11211.49362
638.1	11056.49601
638.2	10901.49841
638.3	9919.84689
638.4	9248.19059
638.5	10333.17384
638.6	9868.181021
638.7	9144.858852
638.8	9713.183413
638.9	10643.16906
639	9919.84689
639.1	9558.185805
639.2	10229.84211
639.3	9609.851675
639.4	8834.863636
639.5	9609.851675
639.6	9041.527113
639.7	8059.875598
639.8	7956.54386
639.9	6871.560606
640	7026.558214
640.1	8679.866029
640.2	8421.536683
640.3	7801.546252
640.4	8731.531898
640.5	9041.527113
640.6	9248.19059
640.7	9764.849282
640.8	10488.17145
640.9	10229.84211
641	10074.8445
641.1	11108.16188
641.2	11263.15949
641.3	10384.83971
641.4	11521.48884
641.5	12244.811
641.6	11831.48405
641.7	12244.811
641.8	12399.80861
641.9	11728.15231
642	11263.15949
642.1	10178.17624
642.2	9248.19059
642.3	10333.17384
642.4	10178.17624
642.5	10229.84211
642.6	10178.17624
642.7	8576.53429
642.8	8266.539075
642.9	9041.527113
643	11366.49123
643.1	11986.48166
643.2	9764.849282
643.3	9403.188198
643.4	8576.53429
643.5	6923.226475
643.6	9299.856459
643.7	10746.5008
643.8	9919.84689
643.9	8421.536683
644	7233.221691
644.1	8369.870813
644.2	9041.527113
644.3	8266.539075
644.4	6613.23126
644.5	6148.238437
644.6	7388.219298
644.7	7646.548644
644.8	7078.224083
644.9	6303.236045
645	6148.238437
645.1	7749.880383
645.2	7904.87799
645.3	7749.880383
645.4	7543.216906
645.5	7491.551037
645.6	7388.219298
645.7	6613.23126
645.8	7491.551037
645.9	8524.868421
646	8576.53429
646.1	8731.531898
646.2	8421.536683
646.3	9041.527113
646.4	10178.17624
646.5	8059.875598
646.6	7336.553429
646.7	8886.529506
646.8	8111.541467
646.9	6923.226475
647	6716.562998
647.1	6871.560606
647.2	7336.553429
647.3	8214.873206
647.4	8524.868421
647.5	8059.875598
647.6	7543.216906
647.7	7956.54386
647.8	7749.880383
647.9	8266.539075
648	9558.185805
648.1	9919.84689
648.2	9609.851675
648.3	8524.868421
648.4	9248.19059
648.5	8524.868421
648.6	6923.226475
648.7	6406.567783
648.8	6303.236045
648.9	7336.553429
649	7749.880383
649.1	8214.873206
649.2	7336.553429
649.3	6406.567783
649.4	5683.245614
649.5	5838.243222
649.6	6613.23126
649.7	6044.906699
649.8	6251.570175
649.9	7491.551037
650	7181.555821
650.1	4908.257576
650.2	4753.259968
650.3	4598.26236
650.4	4339.933014
650.5	5734.911483
650.6	7026.558214
650.7	6768.228868
650.8	5579.913876
650.9	6251.570175
651	4908.257576
651.1	4598.26236
651.2	6303.236045
651.3	7491.551037
651.4	7336.553429
651.5	5838.243222
651.6	6044.906699
651.7	5889.909091
651.8	5683.245614
651.9	6406.567783
652	6148.238437
652.1	5528.248006
652.2	5734.911483
652.3	6458.233652
652.4	7181.555821
652.5	6613.23126
652.6	5889.909091
652.7	4804.925837
652.8	5424.916268
652.9	6251.570175
653	5838.243222
653.1	5218.252791
653.2	5734.911483
653.3	7181.555821
653.4	7181.555821
653.5	6044.906699
653.6	4649.92823
653.7	5528.248006
653.8	5683.245614
653.9	4804.925837
654	4236.601276
654.1	4339.933014
654.2	4598.26236
654.3	4029.937799
654.4	2893.288676
654.5	3099.952153
654.6	4029.937799
654.7	4236.601276
654.8	4804.925837
654.9	4908.257576
655	5114.921053
655.1	4391.598884
655.2	5063.255183
655.3	6871.560606
655.4	5889.909091
655.5	4959.923445
655.6	5683.245614
655.7	6303.236045
655.8	7646.548644
655.9	7543.216906
656	6148.238437
656.1	5579.913876
656.2	6148.238437
656.3	5993.240829
656.4	4494.930622
656.5	4959.923445
656.6	5993.240829
656.7	6613.23126
656.8	6561.565391
656.9	6148.238437
657	5114.921053
657.1	5734.911483
657.2	4959.923445
657.3	4029.937799
657.4	5993.240829
657.5	6251.570175
657.6	6044.906699
657.7	5269.91866
657.8	5734.911483
657.9	6716.562998
658	5528.248006
658.1	4649.92823
658.2	4908.257576
658.3	6044.906699
658.4	5424.916268
658.5	4908.257576
658.6	4649.92823
658.7	5269.91866
658.8	4804.925837
658.9	3461.613238
659	2841.622807
659.1	2531.627592
659.2	2893.288676
659.3	3254.949761
659.4	3926.606061
659.5	3874.940191
659.6	3564.944976
659.7	2118.300638
659.8	2428.295853
659.9	3771.608453
660	3719.942584
660.1	3409.947368
660.2	3409.947368
660.3	3306.61563
660.4	2686.625199
660.5	2686.625199
660.6	3254.949761
660.7	2531.627592
660.8	1343.3126
660.9	2531.627592
661	4081.603668
661.1	2583.293461
661.2	1601.641946
661.3	1963.30303
661.4	2583.293461
661.5	2996.620415
661.6	1911.637161
661.7	2221.632376
661.8	3719.942584
661.9	2428.295853
662	1963.30303
662.1	2841.622807
662.2	2531.627592
662.3	3409.947368
662.4	3461.613238
662.5	2066.634769
662.6	3461.613238
662.7	4081.603668
662.8	2531.627592
662.9	1188.314992
663	2376.629984
663.1	3926.606061
663.2	2893.288676
663.3	3306.61563
663.4	3719.942584
663.5	3719.942584
663.6	3564.944976
663.7	3461.613238
663.8	3409.947368
663.9	3306.61563
664	2428.295853
664.1	1239.980861
664.2	1084.983254
664.3	1963.30303
664.4	2531.627592
664.5	1033.317384
664.6	1343.3126
664.7	3151.618022
664.8	2738.291069
664.9	4339.933014
665	4598.26236
665.1	3151.618022
665.2	3926.606061
665.3	4184.935407
665.4	2066.634769
665.5	2686.625199
665.6	3254.949761
665.7	2273.298246
665.8	2376.629984
665.9	2376.629984
666	3306.61563
666.1	2686.625199
666.2	3874.940191
666.3	5218.252791
666.4	3874.940191
666.5	2841.622807
666.6	4649.92823
666.7	4391.598884
666.8	3874.940191
666.9	4081.603668
667	3564.944976
667.1	3874.940191
667.2	4029.937799
667.3	4029.937799
667.4	4236.601276
667.5	3926.606061
667.6	2841.622807
667.7	2841.622807
667.8	1808.305423
667.9	2996.620415
668	5528.248006
668.1	3409.947368
668.2	2686.625199
668.3	3771.608453
668.4	4184.935407
668.5	2531.627592
668.6	1911.637161
668.7	3151.618022
668.8	1808.305423
668.9	1084.983254
669	2066.634769
669.1	1963.30303
669.2	1653.307815
669.3	1808.305423
669.4	1808.305423
669.5	2583.293461
669.6	2583.293461
669.7	2583.293461
669.8	2841.622807
669.9	2531.627592
670	2841.622807
670.1	3254.949761
670.2	2376.629984
670.3	1394.978469
670.4	723.3221691
670.5	1084.983254
670.6	2841.622807
670.7	3306.61563
670.8	3926.606061
670.9	3461.613238
671	2221.632376
671.1	2221.632376
671.2	2066.634769
671.3	3099.952153
671.4	3099.952153
671.5	2841.622807
671.6	3409.947368
671.7	4081.603668
671.8	3771.608453
671.9	3099.952153
672	3616.610845
672.1	2686.625199
672.2	2273.298246
672.3	2738.291069
672.4	3151.618022
672.5	2996.620415
672.6	2893.288676
672.7	3151.618022
672.8	4391.598884
672.9	5373.250399
673	3564.944976
673.1	2738.291069
673.2	3926.606061
673.3	5218.252791
673.4	5683.245614
673.5	4959.923445
673.6	5424.916268
673.7	6613.23126
673.8	4598.26236
673.9	1756.639553
674	2686.625199
674.1	4649.92823
674.2	4959.923445
674.3	2893.288676
674.4	1084.983254
674.5	1601.641946
674.6	723.3221691
674.7	723.3221691
674.8	464.992823
674.9	0
675	0
675.1	0
675.2	0
675.3	0
675.4	0
675.5	0
675.6	0
675.7	0
675.8	774.9880383
675.9	154.9976077
676	0
676.1	309.9952153
676.2	2996.620415
676.3	2738.291069
676.4	2066.634769
676.5	3719.942584
676.6	4391.598884
676.7	5528.248006
676.8	6716.562998
676.9	4598.26236
677	4081.603668
677.1	4804.925837
677.2	3564.944976
677.3	3461.613238
677.4	4494.930622
677.5	4804.925837
677.6	4804.925837
677.7	3926.606061
677.8	2996.620415
677.9	1394.978469
678	723.3221691
678.1	723.3221691
678.2	1808.305423
678.3	2066.634769
678.4	413.3269537
678.5	1188.314992
678.6	1188.314992
678.7	568.3245614
678.8	2738.291069
678.9	3616.610845
679	1188.314992
679.1	774.9880383
679.2	1188.314992
679.3	0
679.4	0
679.5	0
679.6	0
679.7	0
679.8	0
679.9	0
680	0
680.1	0
680.2	0
680.3	0
680.4	0
680.5	0
680.6	0
680.7	0
680.8	0
680.9	0
681	878.3197767
681.1	0
681.2	0
681.3	0
681.4	0
681.5	0
681.6	0
681.7	0
681.8	0
681.9	0
682	0
682.1	0
682.2	0
682.3	103.3317384
682.4	413.3269537
682.5	1394.978469
682.6	568.3245614
682.7	0
682.8	0
682.9	0
683	0
683.1	0
683.2	0
683.3	0
683.4	0
683.5	0
683.6	0
683.7	0
683.8	0
683.9	0
684	0
684.1	0
684.2	0
684.3	0
684.4	0
684.5	0
684.6	0
684.7	0
684.8	0
684.9	0
685	0
685.1	0
685.2	0
685.3	0
685.4	0
685.5	0
685.6	0
685.7	0
685.8	0
685.9	0
686	0
686.1	0
686.2	0
686.3	0
686.4	0
686.5	0
686.6	0
686.7	0
686.8	0
686.9	0
687	0
687.1	0
687.2	0
687.3	0
687.4	464.992823
687.5	0
687.6	0
687.7	0
687.8	0
687.9	0
688	0
688.1	0
688.2	0
688.3	0
688.4	0
688.5	0
688.6	0
688.7	0
688.8	0
688.9	0
689	0
689.1	0
689.2	0
689.3	0
689.4	0
689.5	0
689.6	154.9976077
689.7	0
689.8	0
689.9	0
690	0
690.1	0
690.2	0
690.3	0
690.4	0
690.5	0
690.6	1239.980861
690.7	1911.637161
690.8	464.992823
690.9	464.992823
691	103.3317384
691.1	0
691.2	568.3245614
691.3	0
691.4	0
691.5	154.9976077
691.6	568.3245614
691.7	464.992823
691.8	1033.317384
691.9	309.9952153
692	0
692.1	0
692.2	0
692.3	0
692.4	0
692.5	0
692.6	0
692.7	0
692.8	0
692.9	0
693	0
693.1	0
693.2	0
693.3	0
693.4	0
693.5	0
693.6	0
693.7	0
693.8	929.9856459
693.9	1911.637161
694	2118.300638
694.1	1653.307815
694.2	1033.317384
694.3	0
694.4	0
694.5	1963.30303
694.6	2841.622807
694.7	568.3245614
694.8	0
694.9	0
695	0
695.1	0
695.2	0
695.3	0
695.4	0
695.5	0
695.6	0
695.7	0
695.8	0
695.9	258.3293461
696	0
696.1	0
696.2	0
696.3	0
696.4	0
696.5	0
696.6	0
696.7	0
696.8	0
696.9	0
697	0
697.1	0
697.2	0
697.3	0
697.4	0
697.5	0
697.6	0
697.7	0
697.8	0
697.9	0
698	0
698.1	0
698.2	0
698.3	0
698.4	0
698.5	0
698.6	0
698.7	0
698.8	0
698.9	0
699	0
699.1	0
699.2	0
699.3	0
699.4	0
699.5	0
699.6	0
699.7	0
699.8	0
699.9	0
700	0
700.1	0
700.2	0
700.3	0
700.4	0
700.5	0
700.6	0
700.7	0
700.8	0
700.9	0
701	0
701.1	0
701.2	0
701.3	0
701.4	774.9880383
701.5	723.3221691
701.6	1963.30303
701.7	929.9856459
701.8	0
701.9	0
702	774.9880383
702.1	2686.625199
702.2	2221.632376
702.3	3306.61563
702.4	4339.933014
702.5	3099.952153
702.6	3874.940191
702.7	4908.257576
702.8	2583.293461
702.9	2221.632376
703	3254.949761
703.1	1601.641946
703.2	1188.314992
703.3	1911.637161
703.4	2841.622807
703.5	2376.629984
703.6	1601.641946
703.7	2686.625199
703.8	1911.637161
703.9	1033.317384
704	1808.305423
704.1	1498.310207
704.2	1498.310207
704.3	1963.30303
704.4	1394.978469
704.5	1343.3126
704.6	1343.3126
704.7	1033.317384
704.8	0
704.9	0
705	103.3317384
705.1	0
705.2	0
705.3	0
705.4	0
705.5	0
705.6	0
705.7	0
705.8	0
705.9	0
706	0
706.1	929.9856459
706.2	1343.3126
706.3	0
706.4	0
706.5	0
706.6	0
706.7	0
706.8	0
706.9	0
707	0
707.1	1188.314992
707.2	568.3245614
707.3	2686.625199
707.4	2841.622807
707.5	1394.978469
707.6	1911.637161
707.7	1808.305423
707.8	2118.300638
707.9	1394.978469
708	0
708.1	0
708.2	723.3221691
708.3	0
708.4	0
708.5	0
708.6	0
708.7	0
708.8	0
708.9	0
709	0
709.1	0
709.2	0
709.3	0
709.4	0
709.5	0
709.6	0
709.7	0
709.8	0
709.9	0
710	0
710.1	0
710.2	0
710.3	0
710.4	0
710.5	0
710.6	0
710.7	0
710.8	0
710.9	0
711	0
711.1	0
711.2	0
711.3	0
711.4	0
711.5	0
711.6	0
711.7	0
711.8	0
711.9	0
712	0
712.1	0
712.2	0
712.3	0
712.4	0
712.5	0
712.6	0
712.7	0
712.8	0
712.9	0
713	0
713.1	0
713.2	0
713.3	0
713.4	0
713.5	0
713.6	0
713.7	0
713.8	0
713.9	0
714	0
714.1	0
714.2	0
714.3	0
714.4	0
714.5	0
714.6	0
714.7	0
714.8	0
714.9	0
715	0
715.1	0
715.2	0
715.3	0
715.4	0
715.5	0
715.6	0
715.7	0
715.8	0
715.9	0
716	0
716.1	0
716.2	0
716.3	0
716.4	0
716.5	0
716.6	0
716.7	0
716.8	0
716.9	0
717	0
717.1	0
717.2	0
717.3	0
717.4	0
717.5	0
717.6	0
717.7	0
717.8	0
717.9	0
718	0
718.1	0
718.2	0
718.3	0
718.4	0
718.5	0
718.6	0
718.7	0
718.8	0
718.9	0
719	0
719.1	0
719.2	619.9904306
719.3	0
719.4	0
719.5	0
719.6	0
719.7	0
719.8	0
719.9	0
720	154.9976077
720.1	0
720.2	0
720.3	0
720.4	0
720.5	0
720.6	0
720.7	0
720.8	0
720.9	0
721	0
721.1	0
721.2	0
721.3	0
721.4	0
721.5	0
721.6	0
721.7	0
721.8	0
721.9	0
722	0
722.1	0
722.2	0
722.3	0
722.4	0
722.5	0
722.6	0
722.7	0
722.8	0
722.9	0
723	0
723.1	0
723.2	0
723.3	0
723.4	0
723.5	0
723.6	0
723.7	0
723.8	0
723.9	0
724	0
724.1	0
724.2	0
724.3	0
724.4	0
724.5	0
724.6	0
724.7	0
724.8	0
724.9	0
725	0
725.1	0
725.2	0
725.3	0
725.4	0
725.5	0
725.6	0
725.7	0
725.8	0
725.9	0
726	0
726.1	0
726.2	0
726.3	0
726.4	0
726.5	0
726.6	0
726.7	0
726.8	0
726.9	0
727	0
727.1	0
727.2	0
727.3	0
727.4	0
727.5	0
727.6	0
727.7	0
727.8	0
727.9	0
728	0
728.1	0
728.2	0
728.3	103.3317384
728.4	619.9904306
728.5	309.9952153
728.6	0
728.7	0
728.8	0
728.9	0
729	0
729.1	0
729.2	0
729.3	0
729.4	0
729.5	0
729.6	0
729.7	0
729.8	0
729.9	0
730	0
730.1	0
730.2	0
730.3	0
730.4	0
730.5	0
730.6	0
730.7	0
730.8	0
730.9	0
731	0
731.1	0
731.2	0
731.3	0
731.4	0
731.5	0
731.6	0
731.7	0
731.8	0
731.9	0
732	0
732.1	0
732.2	0
732.3	0
732.4	0
732.5	0
732.6	0
732.7	0
732.8	0
732.9	0
733	0
733.1	0
733.2	0
733.3	0
733.4	0
733.5	0
733.6	0
733.7	0
733.8	568.3245614
733.9	0
734	0
734.1	0
734.2	413.3269537
734.3	413.3269537
734.4	2066.634769
734.5	1343.3126
734.6	0
734.7	0
734.8	0
734.9	0
735	774.9880383
735.1	619.9904306
735.2	0
735.3	103.3317384
735.4	0
735.5	0
735.6	0
735.7	0
735.8	0
735.9	0
736	0
736.1	0
736.2	0
736.3	0
736.4	0
736.5	774.9880383
736.6	1653.307815
736.7	619.9904306
736.8	0
736.9	0
737	0
737.1	103.3317384
737.2	0
737.3	0
737.4	0
737.5	0
737.6	0
737.7	0
737.8	0
737.9	0
738	774.9880383
738.1	0
738.2	0
738.3	0
738.4	0
738.5	0
738.6	0
738.7	0
738.8	0
738.9	309.9952153
739	103.3317384
739.1	0
739.2	0
739.3	0
739.4	0
739.5	0
739.6	0
739.7	0
739.8	0
739.9	0
740	0
740.1	0
740.2	0
740.3	0
740.4	0
740.5	878.3197767
740.6	2221.632376
740.7	2376.629984
740.8	1653.307815
740.9	0
741	154.9976077
741.1	929.9856459
741.2	0
741.3	0
741.4	0
741.5	0
741.6	0
741.7	0
741.8	0
741.9	0
742	0
742.1	0
742.2	0
742.3	0
742.4	0
742.5	0
742.6	0
742.7	0
742.8	0
742.9	0
743	0
743.1	0
743.2	0
743.3	0
743.4	0
743.5	0
743.6	0
743.7	929.9856459
743.8	2118.300638
743.9	3099.952153
744	3564.944976
744.1	5063.255183
744.2	3771.608453
744.3	1808.305423
744.4	1498.310207
744.5	1033.317384
744.6	0
744.7	0
744.8	0
744.9	1394.978469
745	0
745.1	0
745.2	0
745.3	0
745.4	0
745.5	774.9880383
745.6	1498.310207
745.7	0
745.8	878.3197767
745.9	1343.3126
746	1343.3126
746.1	1033.317384
746.2	154.9976077
746.3	0
746.4	0
746.5	2531.627592
746.6	1394.978469
746.7	1498.310207
746.8	4391.598884
746.9	2221.632376
747	1911.637161
747.1	3099.952153
747.2	1601.641946
747.3	2273.298246
747.4	2893.288676
747.5	4081.603668
747.6	2221.632376
747.7	0
747.8	0
747.9	0
748	0
748.1	1084.983254
748.2	0
748.3	0
748.4	154.9976077
748.5	0
748.6	0
748.7	0
748.8	0
748.9	0
749	0
749.1	0
749.2	0
749.3	0
749.4	0
749.5	0
749.6	0
749.7	0
749.8	1498.310207
749.9	1084.983254
750	0
750.1	774.9880383
750.2	1963.30303
750.3	1808.305423
750.4	4029.937799
750.5	4804.925837
750.6	5683.245614
750.7	4598.26236
750.8	3616.610845
750.9	4236.601276
751	2893.288676
751.1	2893.288676
751.2	3719.942584
751.3	2531.627592
751.4	2686.625199
751.5	2531.627592
751.6	0
751.7	723.3221691
751.8	1601.641946
751.9	1756.639553
752	2118.300638
752.1	5114.921053
752.2	3874.940191
752.3	1188.314992
752.4	3254.949761
752.5	3099.952153
752.6	309.9952153
752.7	0
752.8	0
752.9	464.992823
753	103.3317384
753.1	0
753.2	1601.641946
753.3	4029.937799
753.4	3151.618022
753.5	0
753.6	774.9880383
753.7	1601.641946
753.8	0
753.9	929.9856459
754	1756.639553
754.1	0
754.2	0
754.3	1033.317384
754.4	1188.314992
754.5	0
754.6	309.9952153
754.7	1343.3126
754.8	0
754.9	0
755	0
755.1	0
755.2	1239.980861
755.3	2531.627592
755.4	2996.620415
755.5	258.3293461
755.6	0
755.7	1188.314992
755.8	929.9856459
755.9	2376.629984
756	4391.598884
756.1	1756.639553
756.2	878.3197767
756.3	2376.629984
756.4	3306.61563
756.5	2221.632376
756.6	2273.298246
756.7	4081.603668
756.8	2221.632376
756.9	1033.317384
757	1084.983254
757.1	0
757.2	568.3245614
757.3	3099.952153
757.4	2738.291069
757.5	2893.288676
757.6	1963.30303
757.7	1601.641946
757.8	878.3197767
757.9	1601.641946
758	723.3221691
758.1	0
758.2	2273.298246
758.3	2531.627592
758.4	464.992823
758.5	0
758.6	0
758.7	413.3269537
758.8	0
758.9	0
759	0
759.1	0
759.2	0
759.3	0
759.4	0
759.5	0
759.6	0
759.7	0
759.8	0
759.9	0
760	0
760.1	0
760.2	0
760.3	0
760.4	0
760.5	878.3197767
760.6	2583.293461
760.7	0
760.8	0
760.9	0
761	0
761.1	0
761.2	0
761.3	0
761.4	0
761.5	0
761.6	0
761.7	0
761.8	0
761.9	0
762	0
762.1	0
762.2	0
762.3	0
762.4	0
762.5	0
762.6	0
762.7	0
762.8	0
762.9	0
763	0
763.1	0
763.2	0
763.3	0
763.4	0
763.5	0
763.6	0
763.7	0
763.8	0
763.9	0
764	0
764.1	0
764.2	0
764.3	0
764.4	0
764.5	413.3269537
764.6	0
764.7	0
764.8	0
764.9	0
765	1343.3126
765.1	1084.983254
765.2	0
765.3	0
765.4	0
765.5	2428.295853
765.6	1343.3126
765.7	1033.317384
765.8	2583.293461
765.9	2841.622807
766	2686.625199
766.1	878.3197767
766.2	1808.305423
766.3	3306.61563
766.4	4339.933014
766.5	6561.565391
766.6	5528.248006
766.7	4339.933014
766.8	4081.603668
766.9	2221.632376
767	1394.978469
767.1	1084.983254
767.2	723.3221691
767.3	0
767.4	0
767.5	0
767.6	0
767.7	0
767.8	0
767.9	0
768	0
768.1	0
768.2	0
768.3	0
768.4	0
768.5	0
768.6	0
768.7	0
768.8	0
768.9	0
769	0
769.1	0
769.2	0
769.3	0
769.4	0
769.5	0
769.6	0
769.7	0
769.8	0
769.9	0
770	258.3293461
770.1	0
770.2	0
770.3	0
770.4	0
770.5	0
770.6	0
770.7	0
770.8	0
770.9	0
771	0
771.1	0
771.2	0
771.3	0
771.4	0
771.5	878.3197767
771.6	723.3221691
771.7	0
771.8	0
771.9	878.3197767
772	1033.317384
772.1	0
772.2	0
772.3	0
772.4	309.9952153
772.5	1498.310207
772.6	413.3269537
772.7	0
772.8	0
772.9	0
773	464.992823
773.1	0
773.2	0
773.3	1188.314992
773.4	0
773.5	0
773.6	0
773.7	0
773.8	0
773.9	0
774	0
774.1	0
774.2	0
774.3	0
774.4	0
774.5	0
774.6	0
774.7	0
774.8	0
774.9	929.9856459
775	0
775.1	0
775.2	0
775.3	0
775.4	0
775.5	0
775.6	1239.980861
775.7	413.3269537
775.8	0
775.9	2118.300638
776	2066.634769
776.1	1084.983254
776.2	619.9904306
776.3	413.3269537
776.4	1239.980861
776.5	0
776.6	0
776.7	0
776.8	0
776.9	0
777	0
777.1	0
777.2	0
777.3	0
777.4	0
777.5	0
777.6	0
777.7	0
777.8	0
777.9	0
778	154.9976077
778.1	0
778.2	0
778.3	258.3293461
778.4	0
778.5	0
778.6	0
778.7	0
778.8	0
778.9	0
779	0
779.1	0
779.2	0
779.3	0
779.4	0
779.5	0
779.6	0
779.7	0
779.8	0
779.9	878.3197767
780	0
780.1	0
780.2	0
780.3	0
780.4	0
780.5	2531.627592
780.6	0
780.7	0
780.8	0
780.9	619.9904306
781	4184.935407
781.1	103.3317384
781.2	464.992823
781.3	1601.641946
781.4	0
781.5	154.9976077
781.6	309.9952153
781.7	2531.627592
781.8	2583.293461
781.9	619.9904306
782	1239.980861
782.1	568.3245614
782.2	0
782.3	0
782.4	0
782.5	0
782.6	0
782.7	0
782.8	0
782.9	0
783	0
783.1	568.3245614
783.2	0
783.3	0
783.4	0
783.5	0
783.6	0
783.7	0
783.8	0
783.9	0
784	0
784.1	0
784.2	0
784.3	0
784.4	0
784.5	0
784.6	0
784.7	0
784.8	0
784.9	0
785	0
785.1	0
785.2	0
785.3	0
785.4	0
785.5	0
785.6	0
785.7	0
785.8	0
785.9	0
786	0
786.1	0
786.2	0
786.3	0
786.4	0
786.5	0
786.6	0
786.7	0
786.8	0
786.9	0
787	0
787.1	0
787.2	0
787.3	0
787.4	0
787.5	0
787.6	0
787.7	0
787.8	0
787.9	413.3269537
788	0
788.1	258.3293461
788.2	0
788.3	0
788.4	103.3317384
788.5	568.3245614
788.6	0
788.7	1963.30303
788.8	4029.937799
788.9	4081.603668
789	1808.305423
789.1	1911.637161
789.2	2221.632376
789.3	1808.305423
789.4	5889.909091
789.5	6406.567783
789.6	2066.634769
789.7	1239.980861
789.8	1808.305423
789.9	1911.637161
790	2376.629984
790.1	1498.310207
790.2	3099.952153
790.3	5993.240829
790.4	4391.598884
790.5	3306.61563
790.6	4649.92823
790.7	2531.627592
790.8	2376.629984
790.9	5269.91866
791	4391.598884
791.1	5218.252791
791.2	4959.923445
791.3	3616.610845
791.4	3926.606061
791.5	2996.620415
791.6	3099.952153
791.7	2428.295853
791.8	3719.942584
791.9	5114.921053
792	4598.26236
792.1	3564.944976
792.2	2273.298246
792.3	929.9856459
792.4	1239.980861
792.5	4081.603668
792.6	3616.610845
792.7	619.9904306
792.8	1653.307815
792.9	3461.613238
793	3099.952153
793.1	2686.625199
793.2	3151.618022
793.3	2066.634769
793.4	568.3245614
793.5	4236.601276
793.6	6148.238437
793.7	2996.620415
793.8	1343.3126
793.9	2118.300638
794	4753.259968
794.1	5373.250399
794.2	4598.26236
794.3	4494.930622
794.4	4339.933014
794.5	5218.252791
794.6	4029.937799
794.7	2738.291069
794.8	3151.618022
794.9	2686.625199
795	3874.940191
795.1	4339.933014
795.2	3306.61563
795.3	2066.634769
795.4	2273.298246
795.5	3616.610845
795.6	1601.641946
795.7	0
795.8	309.9952153
795.9	0
796	0
796.1	2996.620415
796.2	154.9976077
796.3	0
796.4	258.3293461
796.5	0
796.6	154.9976077
796.7	258.3293461
796.8	0
796.9	0
797	0
797.1	0
797.2	0
797.3	0
797.4	0
797.5	0
797.6	0
797.7	0
797.8	0
797.9	0
798	0
798.1	154.9976077
798.2	0
798.3	0
798.4	568.3245614
798.5	2686.625199
798.6	1084.983254
798.7	0
798.8	413.3269537
798.9	258.3293461
799	0
799.1	0
799.2	2273.298246
799.3	2686.625199
799.4	1239.980861
799.5	2841.622807
799.6	3926.606061
799.7	0
799.8	0
799.9	3616.610845
800	4236.601276
