Wvlgth Difuse_horizn_irradiance Global_horizn_irradiance Direct_horizn_irradiance Direct_tilted_irradiance Difuse_tilted_irradiance Global_tilted_irradiance
.3500E+03 .3275E-01 .3277E-01 .2900E-04 .2900E-04 .3275E-01 .3277E-01
.3510E+03 .3407E-01 .3410E-01 .3250E-04 .3250E-04 .3407E-01 .3410E-01
.3520E+03 .3185E-01 .3188E-01 .3285E-04 .3285E-04 .3185E-01 .3188E-01
.3530E+03 .3200E-01 .3204E-01 .3575E-04 .3575E-04 .3200E-01 .3204E-01
.3540E+03 .3716E-01 .3721E-01 .4424E-04 .4424E-04 .3716E-01 .3721E-01
.3550E+03 .3742E-01 .3747E-01 .4798E-04 .4798E-04 .3742E-01 .3747E-01
.3560E+03 .3386E-01 .3390E-01 .4707E-04 .4707E-04 .3386E-01 .3390E-01
.3570E+03 .2783E-01 .2787E-01 .4120E-04 .4120E-04 .2783E-01 .2787E-01
.3580E+03 .2615E-01 .2619E-01 .4126E-04 .4126E-04 .2615E-01 .2619E-01
.3590E+03 .2846E-01 .2851E-01 .4780E-04 .4780E-04 .2846E-01 .2851E-01
.3600E+03 .3612E-01 .3618E-01 .6457E-04 .6457E-04 .3612E-01 .3618E-01
.3610E+03 .3137E-01 .3143E-01 .6008E-04 .6008E-04 .3137E-01 .3143E-01
.3620E+03 .3217E-01 .3224E-01 .6716E-04 .6716E-04 .3217E-01 .3224E-01
.3630E+03 .3617E-01 .3626E-01 .8186E-04 .8186E-04 .3617E-01 .3626E-01
.3640E+03 .3635E-01 .3644E-01 .8851E-04 .8851E-04 .3635E-01 .3644E-01
.3650E+03 .3728E-01 .3738E-01 .9675E-04 .9675E-04 .3728E-01 .3738E-01
.3660E+03 .4387E-01 .4399E-01 .1217E-03 .1217E-03 .4387E-01 .4399E-01
.3670E+03 .4303E-01 .4316E-01 .1271E-03 .1271E-03 .4303E-01 .4316E-01
.3680E+03 .3964E-01 .3976E-01 .1239E-03 .1239E-03 .3964E-01 .3976E-01
.3690E+03 .4106E-01 .4119E-01 .1370E-03 .1370E-03 .4106E-01 .4119E-01
.3700E+03 .4464E-01 .4480E-01 .1589E-03 .1589E-03 .4464E-01 .4480E-01
.3710E+03 .4090E-01 .4106E-01 .1550E-03 .1550E-03 .4090E-01 .4106E-01
.3720E+03 .3970E-01 .3985E-01 .1589E-03 .1589E-03 .3970E-01 .3985E-01
.3730E+03 .3635E-01 .3650E-01 .1545E-03 .1545E-03 .3635E-01 .3650E-01
.3740E+03 .3260E-01 .3275E-01 .1469E-03 .1469E-03 .3260E-01 .3275E-01
.3750E+03 .3446E-01 .3462E-01 .1643E-03 .1643E-03 .3446E-01 .3462E-01
.3760E+03 .3937E-01 .3957E-01 .1972E-03 .1972E-03 .3937E-01 .3957E-01
.3770E+03 .4147E-01 .4169E-01 .2189E-03 .2189E-03 .4147E-01 .4169E-01
.3780E+03 .4974E-01 .5001E-01 .2757E-03 .2757E-03 .4974E-01 .5001E-01
.3790E+03 .4314E-01 .4339E-01 .2501E-03 .2501E-03 .4314E-01 .4339E-01
.3800E+03 .4056E-01 .4081E-01 .2460E-03 .2460E-03 .4056E-01 .4081E-01
.3810E+03 .4415E-01 .4443E-01 .2839E-03 .2839E-03 .4415E-01 .4443E-01
.3820E+03 .3387E-01 .3410E-01 .2312E-03 .2312E-03 .3387E-01 .3410E-01
.3830E+03 .2623E-01 .2642E-01 .1897E-03 .1897E-03 .2623E-01 .2642E-01
.3840E+03 .2933E-01 .2955E-01 .2232E-03 .2232E-03 .2933E-01 .2955E-01
.3850E+03 .3869E-01 .3900E-01 .3097E-03 .3097E-03 .3869E-01 .3900E-01
.3860E+03 .3561E-01 .3591E-01 .3004E-03 .3004E-03 .3561E-01 .3591E-01
.3870E+03 .3730E-01 .3763E-01 .3306E-03 .3306E-03 .3730E-01 .3763E-01
.3880E+03 .3635E-01 .3669E-01 .3376E-03 .3376E-03 .3635E-01 .3669E-01
.3890E+03 .3912E-01 .3951E-01 .3810E-03 .3810E-03 .3912E-01 .3951E-01
.3900E+03 .4543E-01 .4589E-01 .4636E-03 .4636E-03 .4543E-01 .4589E-01
.3910E+03 .4846E-01 .4897E-01 .5179E-03 .5179E-03 .4846E-01 .4897E-01
.3920E+03 .4517E-01 .4568E-01 .5036E-03 .5036E-03 .4517E-01 .4568E-01
.3930E+03 .2723E-01 .2755E-01 .3185E-03 .3185E-03 .2723E-01 .2755E-01
.3940E+03 .2809E-01 .2843E-01 .3433E-03 .3433E-03 .2809E-01 .2843E-01
.3950E+03 .4570E-01 .4628E-01 .5829E-03 .5829E-03 .4570E-01 .4628E-01
.3960E+03 .4274E-01 .4331E-01 .5673E-03 .5673E-03 .4274E-01 .4331E-01
.3970E+03 .2405E-01 .2439E-01 .3344E-03 .3344E-03 .2405E-01 .2439E-01
.3980E+03 .4804E-01 .4873E-01 .6926E-03 .6926E-03 .4804E-01 .4873E-01
.3990E+03 .6018E-01 .6109E-01 .9078E-03 .9078E-03 .6018E-01 .6109E-01
.4000E+03 .6260E-01 .6358E-01 .9784E-03 .9784E-03 .6260E-01 .6358E-01
.4010E+03 .6434E-01 .6540E-01 .1061E-02 .1061E-02 .6434E-01 .6540E-01
.4020E+03 .6681E-01 .6796E-01 .1149E-02 .1149E-02 .6681E-01 .6796E-01
.4030E+03 .6426E-01 .6541E-01 .1152E-02 .1152E-02 .6426E-01 .6541E-01
.4040E+03 .6521E-01 .6642E-01 .1212E-02 .1212E-02 .6521E-01 .6642E-01
.4050E+03 .6353E-01 .6475E-01 .1223E-02 .1223E-02 .6353E-01 .6475E-01
.4060E+03 .6189E-01 .6313E-01 .1241E-02 .1241E-02 .6189E-01 .6313E-01
.4070E+03 .6070E-01 .6197E-01 .1267E-02 .1267E-02 .6070E-01 .6197E-01
.4080E+03 .6326E-01 .6462E-01 .1362E-02 .1362E-02 .6326E-01 .6462E-01
.4090E+03 .6746E-01 .6897E-01 .1506E-02 .1506E-02 .6746E-01 .6897E-01
.4100E+03 .5743E-01 .5876E-01 .1329E-02 .1329E-02 .5743E-01 .5876E-01
.4110E+03 .6422E-01 .6576E-01 .1540E-02 .1540E-02 .6422E-01 .6576E-01
.4120E+03 .6821E-01 .6991E-01 .1699E-02 .1699E-02 .6821E-01 .6991E-01
.4130E+03 .6537E-01 .6704E-01 .1674E-02 .1674E-02 .6537E-01 .6704E-01
.4140E+03 .6459E-01 .6631E-01 .1716E-02 .1716E-02 .6459E-01 .6631E-01
.4150E+03 .6676E-01 .6860E-01 .1838E-02 .1838E-02 .6676E-01 .6860E-01
.4160E+03 .6866E-01 .7062E-01 .1962E-02 .1962E-02 .6866E-01 .7062E-01
.4170E+03 .6686E-01 .6884E-01 .1971E-02 .1971E-02 .6686E-01 .6884E-01
.4180E+03 .6388E-01 .6583E-01 .1943E-02 .1943E-02 .6388E-01 .6583E-01
.4190E+03 .6644E-01 .6852E-01 .2085E-02 .2085E-02 .6644E-01 .6852E-01
.4200E+03 .6081E-01 .6278E-01 .1966E-02 .1966E-02 .6081E-01 .6278E-01
.4210E+03 .6897E-01 .7127E-01 .2302E-02 .2302E-02 .6897E-01 .7127E-01
.4220E+03 .6791E-01 .7025E-01 .2337E-02 .2337E-02 .6791E-01 .7025E-01
.4230E+03 .6562E-01 .6795E-01 .2331E-02 .2331E-02 .6562E-01 .6795E-01
.4240E+03 .6512E-01 .6750E-01 .2381E-02 .2381E-02 .6512E-01 .6750E-01
.4250E+03 .6700E-01 .6953E-01 .2531E-02 .2531E-02 .6700E-01 .6953E-01
.4260E+03 .6504E-01 .6758E-01 .2543E-02 .2543E-02 .6504E-01 .6758E-01
.4270E+03 .6278E-01 .6530E-01 .2520E-02 .2520E-02 .6278E-01 .6530E-01
.4280E+03 .6336E-01 .6597E-01 .2606E-02 .2606E-02 .6336E-01 .6597E-01
.4290E+03 .5865E-01 .6114E-01 .2495E-02 .2495E-02 .5865E-01 .6114E-01
.4300E+03 .4673E-01 .4877E-01 .2045E-02 .2045E-02 .4673E-01 .4877E-01
.4310E+03 .4234E-01 .4423E-01 .1895E-02 .1895E-02 .4234E-01 .4423E-01
.4320E+03 .7029E-01 .7354E-01 .3254E-02 .3254E-02 .7029E-01 .7354E-01
.4330E+03 .6529E-01 .6839E-01 .3108E-02 .3108E-02 .6529E-01 .6839E-01
.4340E+03 .6024E-01 .6317E-01 .2935E-02 .2935E-02 .6024E-01 .6317E-01
.4350E+03 .6602E-01 .6930E-01 .3285E-02 .3285E-02 .6602E-01 .6930E-01
.4360E+03 .7234E-01 .7605E-01 .3714E-02 .3714E-02 .7234E-01 .7605E-01
.4370E+03 .7372E-01 .7762E-01 .3906E-02 .3906E-02 .7372E-01 .7762E-01
.4380E+03 .6453E-01 .6805E-01 .3520E-02 .3520E-02 .6453E-01 .6805E-01
.4390E+03 .6186E-01 .6528E-01 .3423E-02 .3423E-02 .6186E-01 .6528E-01
.4400E+03 .7070E-01 .7474E-01 .4033E-02 .4033E-02 .7070E-01 .7474E-01
.4410E+03 .6953E-01 .7362E-01 .4095E-02 .4095E-02 .6953E-01 .7362E-01
.4420E+03 .7420E-01 .7867E-01 .4468E-02 .4468E-02 .7420E-01 .7867E-01
.4430E+03 .7499E-01 .7953E-01 .4543E-02 .4543E-02 .7499E-01 .7953E-01
.4440E+03 .7314E-01 .7772E-01 .4579E-02 .4579E-02 .7314E-01 .7772E-01
.4450E+03 .7589E-01 .8071E-01 .4814E-02 .4814E-02 .7589E-01 .8071E-01
.4460E+03 .6809E-01 .7253E-01 .4440E-02 .4440E-02 .6809E-01 .7253E-01
.4470E+03 .7744E-01 .8266E-01 .5219E-02 .5219E-02 .7744E-01 .8266E-01
.4480E+03 .7818E-01 .8354E-01 .5356E-02 .5356E-02 .7818E-01 .8354E-01
.4490E+03 .7780E-01 .8332E-01 .5523E-02 .5523E-02 .7780E-01 .8332E-01
.4500E+03 .8042E-01 .8629E-01 .5868E-02 .5868E-02 .8042E-01 .8629E-01
.4510E+03 .8324E-01 .8945E-01 .6212E-02 .6212E-02 .8324E-01 .8945E-01
.4520E+03 .7961E-01 .8568E-01 .6068E-02 .6068E-02 .7961E-01 .8568E-01
.4530E+03 .7345E-01 .7917E-01 .5720E-02 .5720E-02 .7345E-01 .7917E-01
.4540E+03 .7870E-01 .8498E-01 .6282E-02 .6282E-02 .7870E-01 .8498E-01
.4550E+03 .7789E-01 .8424E-01 .6348E-02 .6348E-02 .7789E-01 .8424E-01
.4560E+03 .8021E-01 .8690E-01 .6690E-02 .6690E-02 .8021E-01 .8690E-01
.4570E+03 .8052E-01 .8739E-01 .6873E-02 .6873E-02 .8052E-01 .8739E-01
.4580E+03 .7840E-01 .8521E-01 .6810E-02 .6810E-02 .7840E-01 .8521E-01
.4590E+03 .7737E-01 .8426E-01 .6895E-02 .6895E-02 .7737E-01 .8426E-01
.4600E+03 .7648E-01 .8343E-01 .6952E-02 .6952E-02 .7648E-01 .8343E-01
.4610E+03 .7887E-01 .8620E-01 .7330E-02 .7330E-02 .7887E-01 .8620E-01
.4620E+03 .7948E-01 .8704E-01 .7560E-02 .7560E-02 .7948E-01 .8704E-01
.4630E+03 .7974E-01 .8742E-01 .7677E-02 .7677E-02 .7974E-01 .8742E-01
.4640E+03 .7743E-01 .8504E-01 .7612E-02 .7612E-02 .7743E-01 .8504E-01
.4650E+03 .7656E-01 .8426E-01 .7696E-02 .7696E-02 .7656E-01 .8426E-01
.4660E+03 .7815E-01 .8618E-01 .8023E-02 .8023E-02 .7815E-01 .8618E-01
.4670E+03 .7448E-01 .8221E-01 .7736E-02 .7736E-02 .7448E-01 .8221E-01
.4680E+03 .7741E-01 .8561E-01 .8198E-02 .8198E-02 .7741E-01 .8561E-01
.4690E+03 .7741E-01 .8575E-01 .8346E-02 .8346E-02 .7741E-01 .8575E-01
.4700E+03 .7415E-01 .8223E-01 .8085E-02 .8085E-02 .7415E-01 .8223E-01
.4710E+03 .7528E-01 .8364E-01 .8362E-02 .8362E-02 .7528E-01 .8364E-01
.4720E+03 .7908E-01 .8797E-01 .8890E-02 .8890E-02 .7908E-01 .8797E-01
.4730E+03 .7589E-01 .8453E-01 .8641E-02 .8641E-02 .7589E-01 .8453E-01
.4740E+03 .7655E-01 .8534E-01 .8792E-02 .8792E-02 .7655E-01 .8534E-01
.4750E+03 .7872E-01 .8783E-01 .9112E-02 .9112E-02 .7872E-01 .8783E-01
.4760E+03 .7556E-01 .8434E-01 .8787E-02 .8787E-02 .7556E-01 .8434E-01
.4770E+03 .7551E-01 .8440E-01 .8887E-02 .8887E-02 .7551E-01 .8440E-01
.4780E+03 .7743E-01 .8680E-01 .9370E-02 .9370E-02 .7743E-01 .8680E-01
.4790E+03 .7537E-01 .8480E-01 .9431E-02 .9431E-02 .7537E-01 .8480E-01
.4800E+03 .7607E-01 .8591E-01 .9839E-02 .9839E-02 .7607E-01 .8591E-01
.4810E+03 .7562E-01 .8572E-01 .1011E-01 .1011E-01 .7562E-01 .8572E-01
.4820E+03 .7563E-01 .8603E-01 .1040E-01 .1040E-01 .7563E-01 .8603E-01
.4830E+03 .7463E-01 .8515E-01 .1052E-01 .1052E-01 .7463E-01 .8515E-01
.4840E+03 .7325E-01 .8374E-01 .1048E-01 .1048E-01 .7325E-01 .8374E-01
.4850E+03 .7310E-01 .8368E-01 .1058E-01 .1058E-01 .7310E-01 .8368E-01
.4860E+03 .5935E-01 .6808E-01 .8731E-02 .8731E-02 .5935E-01 .6808E-01
.4870E+03 .6647E-01 .7643E-01 .9959E-02 .9959E-02 .6647E-01 .7643E-01
.4880E+03 .7176E-01 .8265E-01 .1089E-01 .1089E-01 .7176E-01 .8265E-01
.4890E+03 .6732E-01 .7766E-01 .1034E-01 .1034E-01 .6732E-01 .7766E-01
.4900E+03 .7492E-01 .8669E-01 .1177E-01 .1177E-01 .7492E-01 .8669E-01
.4910E+03 .7172E-01 .8324E-01 .1152E-01 .1152E-01 .7172E-01 .8324E-01
.4920E+03 .6817E-01 .7929E-01 .1112E-01 .1112E-01 .6817E-01 .7929E-01
.4930E+03 .7275E-01 .8479E-01 .1204E-01 .1204E-01 .7275E-01 .8479E-01
.4940E+03 .7085E-01 .8274E-01 .1189E-01 .1189E-01 .7085E-01 .8274E-01
.4950E+03 .7502E-01 .8779E-01 .1277E-01 .1277E-01 .7502E-01 .8779E-01
.4960E+03 .7104E-01 .8331E-01 .1227E-01 .1227E-01 .7104E-01 .8331E-01
.4970E+03 .7183E-01 .8446E-01 .1263E-01 .1263E-01 .7183E-01 .8446E-01
.4980E+03 .6936E-01 .8178E-01 .1243E-01 .1243E-01 .6936E-01 .8178E-01
.4990E+03 .6876E-01 .8129E-01 .1254E-01 .1254E-01 .6876E-01 .8129E-01
.5000E+03 .6791E-01 .8047E-01 .1257E-01 .1257E-01 .6791E-01 .8047E-01
.5010E+03 .6522E-01 .7746E-01 .1224E-01 .1224E-01 .6522E-01 .7746E-01
.5020E+03 .6443E-01 .7653E-01 .1210E-01 .1210E-01 .6443E-01 .7653E-01
.5030E+03 .6665E-01 .7914E-01 .1249E-01 .1249E-01 .6665E-01 .7914E-01
.5040E+03 .6095E-01 .7159E-01 .1064E-01 .1064E-01 .6095E-01 .7159E-01
.5050E+03 .6573E-01 .7841E-01 .1268E-01 .1268E-01 .6573E-01 .7841E-01
.5060E+03 .6804E-01 .8122E-01 .1318E-01 .1318E-01 .6804E-01 .8122E-01
.5070E+03 .6497E-01 .7764E-01 .1267E-01 .1267E-01 .6497E-01 .7764E-01
.5080E+03 .6344E-01 .7613E-01 .1270E-01 .1270E-01 .6344E-01 .7613E-01
.5090E+03 .6661E-01 .8025E-01 .1363E-01 .1363E-01 .6661E-01 .8025E-01
.5100E+03 .6494E-01 .7852E-01 .1358E-01 .1358E-01 .6494E-01 .7852E-01
.5110E+03 .6616E-01 .8036E-01 .1421E-01 .1421E-01 .6616E-01 .8036E-01
.5120E+03 .6775E-01 .8262E-01 .1486E-01 .1486E-01 .6775E-01 .8262E-01
.5130E+03 .6341E-01 .7758E-01 .1417E-01 .1417E-01 .6341E-01 .7758E-01
.5140E+03 .6179E-01 .7586E-01 .1408E-01 .1408E-01 .6179E-01 .7586E-01
.5150E+03 .6325E-01 .7788E-01 .1463E-01 .1463E-01 .6325E-01 .7788E-01
.5160E+03 .6353E-01 .7843E-01 .1489E-01 .1489E-01 .6353E-01 .7843E-01
.5170E+03 .5155E-01 .6383E-01 .1228E-01 .1228E-01 .5155E-01 .6383E-01
.5180E+03 .5871E-01 .7288E-01 .1416E-01 .1416E-01 .5871E-01 .7288E-01
.5190E+03 .5666E-01 .7048E-01 .1383E-01 .1383E-01 .5666E-01 .7048E-01
.5200E+03 .6155E-01 .7674E-01 .1519E-01 .1519E-01 .6155E-01 .7674E-01
.5210E+03 .6164E-01 .7705E-01 .1541E-01 .1541E-01 .6164E-01 .7705E-01
.5220E+03 .6260E-01 .7845E-01 .1585E-01 .1585E-01 .6260E-01 .7845E-01
.5230E+03 .5868E-01 .7373E-01 .1505E-01 .1505E-01 .5868E-01 .7373E-01
.5240E+03 .6256E-01 .7873E-01 .1618E-01 .1618E-01 .6256E-01 .7873E-01
.5250E+03 .6150E-01 .7753E-01 .1603E-01 .1603E-01 .6150E-01 .7753E-01
.5260E+03 .5932E-01 .7508E-01 .1575E-01 .1575E-01 .5932E-01 .7508E-01
.5270E+03 .5138E-01 .6511E-01 .1373E-01 .1373E-01 .5138E-01 .6511E-01
.5280E+03 .5832E-01 .7412E-01 .1580E-01 .1580E-01 .5832E-01 .7411E-01
.5290E+03 .6054E-01 .7707E-01 .1653E-01 .1653E-01 .6053E-01 .7706E-01
.5300E+03 .5776E-01 .7375E-01 .1599E-01 .1599E-01 .5775E-01 .7374E-01
.5310E+03 .6049E-01 .7747E-01 .1698E-01 .1698E-01 .6048E-01 .7746E-01
.5320E+03 .5907E-01 .7588E-01 .1681E-01 .1681E-01 .5906E-01 .7587E-01
.5330E+03 .5252E-01 .6766E-01 .1514E-01 .1514E-01 .5251E-01 .6765E-01
.5340E+03 .5608E-01 .7249E-01 .1640E-01 .1640E-01 .5607E-01 .7247E-01
.5350E+03 .5682E-01 .7366E-01 .1684E-01 .1684E-01 .5680E-01 .7364E-01
.5360E+03 .5913E-01 .7687E-01 .1774E-01 .1774E-01 .5911E-01 .7685E-01
.5370E+03 .5460E-01 .7121E-01 .1661E-01 .1661E-01 .5458E-01 .7119E-01
.5380E+03 .5715E-01 .7474E-01 .1759E-01 .1759E-01 .5713E-01 .7472E-01
.5390E+03 .5550E-01 .7279E-01 .1729E-01 .1729E-01 .5548E-01 .7276E-01
.5400E+03 .5327E-01 .6989E-01 .1662E-01 .1662E-01 .5324E-01 .6987E-01
.5410E+03 .5076E-01 .6632E-01 .1556E-01 .1556E-01 .5073E-01 .6629E-01
.5420E+03 .5489E-01 .7188E-01 .1699E-01 .1699E-01 .5486E-01 .7184E-01
.5430E+03 .5384E-01 .7124E-01 .1740E-01 .1740E-01 .5380E-01 .7120E-01
.5440E+03 .5528E-01 .7295E-01 .1767E-01 .1767E-01 .5524E-01 .7291E-01
.5450E+03 .5381E-01 .7134E-01 .1753E-01 .1753E-01 .5377E-01 .7130E-01
.5460E+03 .5291E-01 .6989E-01 .1698E-01 .1698E-01 .5287E-01 .6985E-01
.5470E+03 .5350E-01 .7122E-01 .1772E-01 .1772E-01 .5346E-01 .7118E-01
.5480E+03 .5183E-01 .6939E-01 .1756E-01 .1756E-01 .5178E-01 .6935E-01
.5490E+03 .5328E-01 .7168E-01 .1840E-01 .1840E-01 .5323E-01 .7163E-01
.5500E+03 .5265E-01 .7109E-01 .1845E-01 .1845E-01 .5260E-01 .7104E-01
.5510E+03 .5239E-01 .7105E-01 .1866E-01 .1866E-01 .5234E-01 .7100E-01
.5520E+03 .5325E-01 .7248E-01 .1922E-01 .1922E-01 .5320E-01 .7242E-01
.5530E+03 .5151E-01 .7027E-01 .1876E-01 .1876E-01 .5145E-01 .7022E-01
.5540E+03 .5226E-01 .7150E-01 .1924E-01 .1924E-01 .5220E-01 .7144E-01
.5550E+03 .5225E-01 .7165E-01 .1940E-01 .1940E-01 .5219E-01 .7159E-01
.5560E+03 .5106E-01 .7019E-01 .1913E-01 .1913E-01 .5100E-01 .7013E-01
.5570E+03 .4949E-01 .6820E-01 .1871E-01 .1871E-01 .4943E-01 .6814E-01
.5580E+03 .5017E-01 .6927E-01 .1910E-01 .1910E-01 .5011E-01 .6921E-01
.5590E+03 .4708E-01 .6514E-01 .1806E-01 .1806E-01 .4702E-01 .6507E-01
.5600E+03 .4754E-01 .6599E-01 .1845E-01 .1845E-01 .4748E-01 .6593E-01
.5610E+03 .4991E-01 .6949E-01 .1958E-01 .1958E-01 .4984E-01 .6942E-01
.5620E+03 .4713E-01 .6576E-01 .1863E-01 .1863E-01 .4706E-01 .6569E-01
.5630E+03 .4853E-01 .6783E-01 .1930E-01 .1930E-01 .4846E-01 .6776E-01
.5640E+03 .4727E-01 .6616E-01 .1889E-01 .1889E-01 .4720E-01 .6609E-01
.5650E+03 .4727E-01 .6626E-01 .1899E-01 .1899E-01 .4720E-01 .6619E-01
.5660E+03 .4445E-01 .6236E-01 .1792E-01 .1792E-01 .4438E-01 .6229E-01
.5670E+03 .4707E-01 .6602E-01 .1895E-01 .1895E-01 .4699E-01 .6594E-01
.5680E+03 .4620E-01 .6421E-01 .1801E-01 .1801E-01 .4612E-01 .6414E-01
.5690E+03 .4436E-01 .6051E-01 .1614E-01 .1614E-01 .4429E-01 .6043E-01
.5700E+03 .4438E-01 .6108E-01 .1670E-01 .1670E-01 .4430E-01 .6100E-01
.5710E+03 .4297E-01 .5992E-01 .1695E-01 .1695E-01 .4290E-01 .5984E-01
.5720E+03 .4489E-01 .6192E-01 .1703E-01 .1703E-01 .4480E-01 .6183E-01
.5730E+03 .4491E-01 .6206E-01 .1716E-01 .1716E-01 .4482E-01 .6198E-01
.5740E+03 .4454E-01 .6159E-01 .1705E-01 .1705E-01 .4445E-01 .6150E-01
.5750E+03 .4339E-01 .5985E-01 .1646E-01 .1646E-01 .4330E-01 .5977E-01
.5760E+03 .4300E-01 .5945E-01 .1645E-01 .1645E-01 .4291E-01 .5936E-01
.5770E+03 .4407E-01 .6111E-01 .1704E-01 .1704E-01 .4398E-01 .6102E-01
.5780E+03 .4277E-01 .5981E-01 .1704E-01 .1704E-01 .4268E-01 .5972E-01
.5790E+03 .4343E-01 .6136E-01 .1793E-01 .1793E-01 .4333E-01 .6126E-01
.5800E+03 .4417E-01 .6319E-01 .1902E-01 .1902E-01 .4408E-01 .6310E-01
.5810E+03 .4440E-01 .6418E-01 .1977E-01 .1977E-01 .4430E-01 .6408E-01
.5820E+03 .4507E-01 .6571E-01 .2063E-01 .2063E-01 .4497E-01 .6560E-01
.5830E+03 .4550E-01 .6688E-01 .2137E-01 .2137E-01 .4540E-01 .6677E-01
.5840E+03 .4533E-01 .6694E-01 .2162E-01 .2162E-01 .4522E-01 .6683E-01
.5850E+03 .4487E-01 .6652E-01 .2165E-01 .2165E-01 .4476E-01 .6641E-01
.5860E+03 .4361E-01 .6460E-01 .2098E-01 .2098E-01 .4351E-01 .6449E-01
.5870E+03 .4426E-01 .6485E-01 .2059E-01 .2059E-01 .4415E-01 .6473E-01
.5880E+03 .4232E-01 .5982E-01 .1749E-01 .1749E-01 .4221E-01 .5971E-01
.5890E+03 .3535E-01 .4799E-01 .1264E-01 .1264E-01 .3526E-01 .4790E-01
.5900E+03 .3748E-01 .5078E-01 .1330E-01 .1330E-01 .3738E-01 .5068E-01
.5910E+03 .4046E-01 .5605E-01 .1559E-01 .1559E-01 .4035E-01 .5594E-01
.5920E+03 .3912E-01 .5426E-01 .1515E-01 .1515E-01 .3901E-01 .5416E-01
.5930E+03 .3996E-01 .5710E-01 .1714E-01 .1714E-01 .3985E-01 .5699E-01
.5940E+03 .3931E-01 .5629E-01 .1699E-01 .1699E-01 .3919E-01 .5618E-01
.5950E+03 .3813E-01 .5353E-01 .1540E-01 .1540E-01 .3802E-01 .5342E-01
.5960E+03 .3992E-01 .5834E-01 .1843E-01 .1843E-01 .3980E-01 .5823E-01
.5970E+03 .3963E-01 .5789E-01 .1826E-01 .1826E-01 .3951E-01 .5777E-01
.5980E+03 .3906E-01 .5776E-01 .1870E-01 .1870E-01 .3894E-01 .5764E-01
.5990E+03 .3894E-01 .5837E-01 .1943E-01 .1943E-01 .3882E-01 .5825E-01
.6000E+03 .3938E-01 .6019E-01 .2081E-01 .2081E-01 .3925E-01 .6007E-01
.6010E+03 .3895E-01 .6057E-01 .2162E-01 .2162E-01 .3882E-01 .6044E-01
.6020E+03 .3827E-01 .5994E-01 .2166E-01 .2166E-01 .3815E-01 .5981E-01
.6030E+03 .3905E-01 .6156E-01 .2251E-01 .2251E-01 .3892E-01 .6144E-01
.6040E+03 .3971E-01 .6284E-01 .2314E-01 .2314E-01 .3957E-01 .6271E-01
.6050E+03 .3964E-01 .6308E-01 .2343E-01 .2343E-01 .3951E-01 .6294E-01
.6060E+03 .3947E-01 .6322E-01 .2374E-01 .2374E-01 .3934E-01 .6308E-01
.6070E+03 .3977E-01 .6409E-01 .2433E-01 .2433E-01 .3963E-01 .6395E-01
.6080E+03 .3971E-01 .6433E-01 .2462E-01 .2462E-01 .3957E-01 .6419E-01
.6090E+03 .3949E-01 .6422E-01 .2474E-01 .2474E-01 .3935E-01 .6408E-01
.6100E+03 .3940E-01 .6424E-01 .2484E-01 .2484E-01 .3926E-01 .6410E-01
.6110E+03 .3928E-01 .6425E-01 .2497E-01 .2497E-01 .3914E-01 .6411E-01
.6120E+03 .3995E-01 .6546E-01 .2551E-01 .2551E-01 .3980E-01 .6531E-01
.6130E+03 .3946E-01 .6476E-01 .2530E-01 .2530E-01 .3931E-01 .6461E-01
.6140E+03 .3833E-01 .6310E-01 .2477E-01 .2477E-01 .3818E-01 .6295E-01
.6150E+03 .3980E-01 .6578E-01 .2598E-01 .2598E-01 .3965E-01 .6563E-01
.6160E+03 .3880E-01 .6433E-01 .2553E-01 .2553E-01 .3865E-01 .6418E-01
.6170E+03 .3834E-01 .6371E-01 .2537E-01 .2537E-01 .3819E-01 .6356E-01
.6180E+03 .3982E-01 .6628E-01 .2646E-01 .2646E-01 .3966E-01 .6612E-01
.6190E+03 .4002E-01 .6671E-01 .2669E-01 .2669E-01 .3986E-01 .6655E-01
.6200E+03 .4003E-01 .6665E-01 .2663E-01 .2663E-01 .3986E-01 .6649E-01
.6210E+03 .4018E-01 .6657E-01 .2640E-01 .2640E-01 .4001E-01 .6641E-01
.6220E+03 .3867E-01 .6304E-01 .2437E-01 .2437E-01 .3851E-01 .6288E-01
.6230E+03 .3833E-01 .6154E-01 .2321E-01 .2321E-01 .3816E-01 .6138E-01
.6240E+03 .3820E-01 .6192E-01 .2373E-01 .2373E-01 .3803E-01 .6176E-01
.6250E+03 .3796E-01 .6228E-01 .2432E-01 .2432E-01 .3779E-01 .6211E-01
.6260E+03 .3786E-01 .6214E-01 .2428E-01 .2428E-01 .3770E-01 .6197E-01
.6270E+03 .3878E-01 .6270E-01 .2392E-01 .2392E-01 .3860E-01 .6252E-01
.6280E+03 .3624E-01 .5238E-01 .1614E-01 .1614E-01 .3608E-01 .5222E-01
.6290E+03 .3780E-01 .5893E-01 .2113E-01 .2113E-01 .3763E-01 .5876E-01
.6300E+03 .3743E-01 .5855E-01 .2112E-01 .2112E-01 .3726E-01 .5838E-01
.6310E+03 .3824E-01 .6240E-01 .2417E-01 .2417E-01 .3806E-01 .6222E-01
.6320E+03 .3663E-01 .5994E-01 .2332E-01 .2332E-01 .3645E-01 .5977E-01
.6330E+03 .3910E-01 .6547E-01 .2637E-01 .2637E-01 .3892E-01 .6528E-01
.6340E+03 .3862E-01 .6584E-01 .2723E-01 .2723E-01 .3843E-01 .6566E-01
.6350E+03 .3909E-01 .6709E-01 .2800E-01 .2800E-01 .3890E-01 .6690E-01
.6360E+03 .3826E-01 .6612E-01 .2786E-01 .2786E-01 .3807E-01 .6593E-01
.6370E+03 .3958E-01 .6869E-01 .2910E-01 .2910E-01 .3939E-01 .6849E-01
.6380E+03 .3997E-01 .7028E-01 .3031E-01 .3031E-01 .3977E-01 .7008E-01
.6390E+03 .3983E-01 .7044E-01 .3061E-01 .3061E-01 .3963E-01 .7024E-01
.6400E+03 .3906E-01 .6966E-01 .3060E-01 .3060E-01 .3886E-01 .6946E-01
.6410E+03 .3910E-01 .7007E-01 .3097E-01 .3097E-01 .3890E-01 .6987E-01
.6420E+03 .3923E-01 .7080E-01 .3158E-01 .3158E-01 .3902E-01 .7060E-01
.6430E+03 .3959E-01 .7131E-01 .3173E-01 .3173E-01 .3938E-01 .7110E-01
.6440E+03 .3945E-01 .7155E-01 .3209E-01 .3209E-01 .3924E-01 .7134E-01
.6450E+03 .3960E-01 .7118E-01 .3158E-01 .3158E-01 .3939E-01 .7097E-01
.6460E+03 .3803E-01 .6639E-01 .2836E-01 .2836E-01 .3782E-01 .6618E-01
.6470E+03 .3719E-01 .6252E-01 .2533E-01 .2533E-01 .3698E-01 .6232E-01
.6480E+03 .3660E-01 .6130E-01 .2470E-01 .2470E-01 .3640E-01 .6110E-01
.6490E+03 .3551E-01 .5945E-01 .2394E-01 .2394E-01 .3531E-01 .5925E-01
.6500E+03 .3649E-01 .6497E-01 .2848E-01 .2848E-01 .3628E-01 .6477E-01
.6510E+03 .3891E-01 .6989E-01 .3098E-01 .3098E-01 .3868E-01 .6967E-01
.6520E+03 .3618E-01 .6095E-01 .2476E-01 .2476E-01 .3597E-01 .6074E-01
.6530E+03 .3846E-01 .6967E-01 .3122E-01 .3122E-01 .3823E-01 .6945E-01
.6540E+03 .3808E-01 .6888E-01 .3080E-01 .3080E-01 .3786E-01 .6866E-01
.6550E+03 .3584E-01 .6379E-01 .2795E-01 .2795E-01 .3563E-01 .6358E-01
.6560E+03 .3168E-01 .5651E-01 .2484E-01 .2484E-01 .3149E-01 .5632E-01
.6570E+03 .3307E-01 .5936E-01 .2629E-01 .2629E-01 .3287E-01 .5917E-01
.6580E+03 .3724E-01 .6850E-01 .3126E-01 .3126E-01 .3702E-01 .6828E-01
.6590E+03 .3747E-01 .6901E-01 .3154E-01 .3154E-01 .3724E-01 .6878E-01
.6600E+03 .3772E-01 .6900E-01 .3128E-01 .3128E-01 .3749E-01 .6877E-01
.6610E+03 .3769E-01 .6837E-01 .3068E-01 .3068E-01 .3745E-01 .6814E-01
.6620E+03 .3741E-01 .6691E-01 .2949E-01 .2949E-01 .3718E-01 .6667E-01
.6630E+03 .3746E-01 .6783E-01 .3037E-01 .3037E-01 .3722E-01 .6759E-01
.6640E+03 .3786E-01 .7071E-01 .3285E-01 .3285E-01 .3762E-01 .7047E-01
.6650E+03 .3857E-01 .7355E-01 .3497E-01 .3497E-01 .3832E-01 .7330E-01
.6660E+03 .3858E-01 .7475E-01 .3616E-01 .3616E-01 .3833E-01 .7449E-01
.6670E+03 .3834E-01 .7520E-01 .3686E-01 .3686E-01 .3809E-01 .7495E-01
.6680E+03 .3851E-01 .7638E-01 .3787E-01 .3787E-01 .3826E-01 .7613E-01
.6690E+03 .3917E-01 .7806E-01 .3889E-01 .3889E-01 .3891E-01 .7780E-01
.6700E+03 .3861E-01 .7735E-01 .3874E-01 .3874E-01 .3835E-01 .7710E-01
.6710E+03 .3854E-01 .7750E-01 .3896E-01 .3896E-01 .3828E-01 .7724E-01
.6720E+03 .3799E-01 .7665E-01 .3866E-01 .3866E-01 .3773E-01 .7639E-01
.6730E+03 .3832E-01 .7758E-01 .3926E-01 .3926E-01 .3805E-01 .7731E-01
.6740E+03 .3824E-01 .7771E-01 .3947E-01 .3947E-01 .3798E-01 .7745E-01
.6750E+03 .3791E-01 .7730E-01 .3939E-01 .3939E-01 .3765E-01 .7704E-01
.6760E+03 .3833E-01 .7839E-01 .4006E-01 .4006E-01 .3806E-01 .7812E-01
.6770E+03 .3796E-01 .7783E-01 .3987E-01 .3987E-01 .3769E-01 .7756E-01
.6780E+03 .3813E-01 .7836E-01 .4023E-01 .4023E-01 .3786E-01 .7809E-01
.6790E+03 .3778E-01 .7787E-01 .4009E-01 .4009E-01 .3751E-01 .7759E-01
.6800E+03 .3779E-01 .7811E-01 .4032E-01 .4032E-01 .3752E-01 .7784E-01
.6810E+03 .3759E-01 .7784E-01 .4025E-01 .4025E-01 .3731E-01 .7757E-01
.6820E+03 .3770E-01 .7826E-01 .4056E-01 .4056E-01 .3742E-01 .7798E-01
.6830E+03 .3722E-01 .7741E-01 .4019E-01 .4019E-01 .3695E-01 .7714E-01
.6840E+03 .3690E-01 .7674E-01 .3983E-01 .3983E-01 .3663E-01 .7646E-01
.6850E+03 .3690E-01 .7722E-01 .4032E-01 .4032E-01 .3662E-01 .7694E-01
.6860E+03 .3600E-01 .7508E-01 .3908E-01 .3908E-01 .3572E-01 .7480E-01
.6870E+03 .2468E-01 .2810E-01 .3417E-02 .3417E-02 .2449E-01 .2791E-01
.6880E+03 .2915E-01 .3853E-01 .9380E-02 .9380E-02 .2893E-01 .3831E-01
.6890E+03 .2932E-01 .3901E-01 .9687E-02 .9687E-02 .2909E-01 .3878E-01
.6900E+03 .3088E-01 .4417E-01 .1329E-01 .1329E-01 .3063E-01 .4393E-01
.6910E+03 .3228E-01 .5067E-01 .1839E-01 .1839E-01 .3203E-01 .5041E-01
.6920E+03 .3291E-01 .5515E-01 .2224E-01 .2224E-01 .3265E-01 .5489E-01
.6930E+03 .3151E-01 .5253E-01 .2102E-01 .2102E-01 .3126E-01 .5228E-01
.6940E+03 .3056E-01 .5262E-01 .2206E-01 .2206E-01 .3031E-01 .5237E-01
.6950E+03 .3194E-01 .5921E-01 .2727E-01 .2727E-01 .3168E-01 .5895E-01
.6960E+03 .3185E-01 .5927E-01 .2742E-01 .2742E-01 .3159E-01 .5901E-01
.6970E+03 .3489E-01 .7074E-01 .3585E-01 .3585E-01 .3460E-01 .7045E-01
.6980E+03 .3424E-01 .6903E-01 .3479E-01 .3479E-01 .3396E-01 .6875E-01
.6990E+03 .3256E-01 .6156E-01 .2899E-01 .2899E-01 .3229E-01 .6128E-01
.7000E+03 .3222E-01 .6115E-01 .2893E-01 .2893E-01 .3194E-01 .6088E-01
