'USSA_AOD=0.084_ASTM_G173'
1
1013.25 0 0
1
'MLS'
1
1
1
400
1
'S&F_URBAN'
0
.084
-1
0
1
-1 51.44 180.
0
350 700 1.0 1366.1
2
350 700 1
1
8
1
0 2.9 0
0
1
1
3
2017 6 21 13 51.44 5.49 1
2017 6 21 6.5 51.44 5.49 1
2017 6 21 7 51.44 5.49 1
2017 6 21 7.5 51.44 5.49 1
2017 6 21 8 51.44 5.49 1
2017 6 21 8.5 51.44 5.49 1
2017 6 21 9 51.44 5.49 1
2017 6 21 9.5 51.44 5.49 1
2017 6 21 10 51.44 5.49 1
2017 6 21 10.5 51.44 5.49 1
2017 6 21 11 51.44 5.49 1
2017 6 21 11.5 51.44 5.49 1
2017 6 21 12 51.44 5.49 1
2017 6 21 12.5 51.44 5.49 1
2017 6 21 13 51.44 5.49 1
