Wvlgth Difuse_horizn_irradiance Global_horizn_irradiance Direct_horizn_irradiance Direct_tilted_irradiance Difuse_tilted_irradiance Global_tilted_irradiance
.3500E+03 .1712E-01 .1712E-01 .5057E-07 .5057E-07 .1712E-01 .1712E-01
.3510E+03 .1783E-01 .1783E-01 .5978E-07 .5978E-07 .1783E-01 .1783E-01
.3520E+03 .1669E-01 .1669E-01 .6380E-07 .6380E-07 .1669E-01 .1669E-01
.3530E+03 .1682E-01 .1682E-01 .7347E-07 .7347E-07 .1682E-01 .1682E-01
.3540E+03 .1957E-01 .1957E-01 .9553E-07 .9553E-07 .1957E-01 .1957E-01
.3550E+03 .1973E-01 .1973E-01 .1092E-06 .1092E-06 .1973E-01 .1973E-01
.3560E+03 .1788E-01 .1788E-01 .1131E-06 .1131E-06 .1788E-01 .1788E-01
.3570E+03 .1471E-01 .1471E-01 .1036E-06 .1036E-06 .1471E-01 .1471E-01
.3580E+03 .1383E-01 .1383E-01 .1085E-06 .1085E-06 .1383E-01 .1383E-01
.3590E+03 .1507E-01 .1507E-01 .1311E-06 .1311E-06 .1507E-01 .1507E-01
.3600E+03 .1913E-01 .1913E-01 .1850E-06 .1850E-06 .1913E-01 .1913E-01
.3610E+03 .1663E-01 .1663E-01 .1811E-06 .1811E-06 .1663E-01 .1663E-01
.3620E+03 .1707E-01 .1707E-01 .2156E-06 .2156E-06 .1707E-01 .1707E-01
.3630E+03 .1920E-01 .1920E-01 .2788E-06 .2788E-06 .1920E-01 .1920E-01
.3640E+03 .1930E-01 .1930E-01 .3178E-06 .3178E-06 .1930E-01 .1930E-01
.3650E+03 .1979E-01 .1979E-01 .3641E-06 .3641E-06 .1979E-01 .1979E-01
.3660E+03 .2329E-01 .2329E-01 .4803E-06 .4803E-06 .2329E-01 .2329E-01
.3670E+03 .2285E-01 .2285E-01 .5248E-06 .5248E-06 .2285E-01 .2285E-01
.3680E+03 .2104E-01 .2104E-01 .5337E-06 .5337E-06 .2104E-01 .2104E-01
.3690E+03 .2179E-01 .2179E-01 .6175E-06 .6175E-06 .2179E-01 .2179E-01
.3700E+03 .2369E-01 .2369E-01 .7493E-06 .7493E-06 .2369E-01 .2369E-01
.3710E+03 .2170E-01 .2170E-01 .7638E-06 .7638E-06 .2170E-01 .2170E-01
.3720E+03 .2105E-01 .2105E-01 .8149E-06 .8149E-06 .2105E-01 .2105E-01
.3730E+03 .1926E-01 .1926E-01 .8270E-06 .8270E-06 .1926E-01 .1926E-01
.3740E+03 .1727E-01 .1727E-01 .8192E-06 .8192E-06 .1727E-01 .1727E-01
.3750E+03 .1824E-01 .1824E-01 .9536E-06 .9536E-06 .1824E-01 .1824E-01
.3760E+03 .2083E-01 .2083E-01 .1188E-05 .1188E-05 .2083E-01 .2083E-01
.3770E+03 .2192E-01 .2192E-01 .1367E-05 .1367E-05 .2192E-01 .2192E-01
.3780E+03 .2627E-01 .2627E-01 .1780E-05 .1780E-05 .2627E-01 .2627E-01
.3790E+03 .2277E-01 .2277E-01 .1667E-05 .1667E-05 .2277E-01 .2277E-01
.3800E+03 .2139E-01 .2139E-01 .1695E-05 .1695E-05 .2139E-01 .2139E-01
.3810E+03 .2326E-01 .2326E-01 .2041E-05 .2041E-05 .2326E-01 .2326E-01
.3820E+03 .1782E-01 .1782E-01 .1736E-05 .1736E-05 .1782E-01 .1782E-01
.3830E+03 .1379E-01 .1379E-01 .1485E-05 .1485E-05 .1379E-01 .1379E-01
.3840E+03 .1540E-01 .1540E-01 .1815E-05 .1815E-05 .1540E-01 .1540E-01
.3850E+03 .2030E-01 .2030E-01 .2613E-05 .2613E-05 .2030E-01 .2030E-01
.3860E+03 .1866E-01 .1866E-01 .2629E-05 .2629E-05 .1866E-01 .1866E-01
.3870E+03 .1952E-01 .1953E-01 .2997E-05 .2997E-05 .1952E-01 .1953E-01
.3880E+03 .1900E-01 .1901E-01 .3166E-05 .3166E-05 .1900E-01 .1901E-01
.3890E+03 .2043E-01 .2043E-01 .3696E-05 .3696E-05 .2043E-01 .2043E-01
.3900E+03 .2369E-01 .2370E-01 .4653E-05 .4653E-05 .2369E-01 .2370E-01
.3910E+03 .2524E-01 .2525E-01 .5371E-05 .5371E-05 .2524E-01 .2525E-01
.3920E+03 .2351E-01 .2351E-01 .5389E-05 .5389E-05 .2351E-01 .2351E-01
.3930E+03 .1415E-01 .1415E-01 .3524E-05 .3524E-05 .1415E-01 .1415E-01
.3940E+03 .1458E-01 .1458E-01 .3920E-05 .3920E-05 .1458E-01 .1458E-01
.3950E+03 .2369E-01 .2370E-01 .6864E-05 .6864E-05 .2369E-01 .2370E-01
.3960E+03 .2213E-01 .2214E-01 .6882E-05 .6882E-05 .2213E-01 .2214E-01
.3970E+03 .1244E-01 .1244E-01 .4189E-05 .4189E-05 .1244E-01 .1244E-01
.3980E+03 .2482E-01 .2482E-01 .8922E-05 .8922E-05 .2482E-01 .2482E-01
.3990E+03 .3105E-01 .3106E-01 .1207E-04 .1207E-04 .3105E-01 .3106E-01
.4000E+03 .3226E-01 .3228E-01 .1336E-04 .1336E-04 .3226E-01 .3228E-01
.4010E+03 .3386E-01 .3388E-01 .1492E-04 .1492E-04 .3386E-01 .3388E-01
.4020E+03 .3511E-01 .3513E-01 .1665E-04 .1665E-04 .3511E-01 .3513E-01
.4030E+03 .3373E-01 .3374E-01 .1718E-04 .1718E-04 .3373E-01 .3374E-01
.4040E+03 .3418E-01 .3420E-01 .1857E-04 .1857E-04 .3418E-01 .3420E-01
.4050E+03 .3326E-01 .3328E-01 .1924E-04 .1924E-04 .3326E-01 .3328E-01
.4060E+03 .3236E-01 .3238E-01 .2009E-04 .2009E-04 .3236E-01 .3238E-01
.4070E+03 .3169E-01 .3172E-01 .2110E-04 .2110E-04 .3169E-01 .3172E-01
.4080E+03 .3299E-01 .3301E-01 .2323E-04 .2323E-04 .3299E-01 .3301E-01
.4090E+03 .3513E-01 .3516E-01 .2636E-04 .2636E-04 .3513E-01 .3516E-01
.4100E+03 .2987E-01 .2990E-01 .2387E-04 .2387E-04 .2987E-01 .2990E-01
.4110E+03 .3337E-01 .3340E-01 .2840E-04 .2840E-04 .3337E-01 .3340E-01
.4120E+03 .3540E-01 .3543E-01 .3217E-04 .3217E-04 .3540E-01 .3543E-01
.4130E+03 .3389E-01 .3392E-01 .3242E-04 .3242E-04 .3389E-01 .3392E-01
.4140E+03 .3345E-01 .3349E-01 .3407E-04 .3407E-04 .3345E-01 .3349E-01
.4150E+03 .3454E-01 .3457E-01 .3742E-04 .3742E-04 .3454E-01 .3457E-01
.4160E+03 .3548E-01 .3552E-01 .4099E-04 .4099E-04 .3548E-01 .3552E-01
.4170E+03 .3452E-01 .3456E-01 .4213E-04 .4213E-04 .3452E-01 .3456E-01
.4180E+03 .3295E-01 .3299E-01 .4249E-04 .4249E-04 .3295E-01 .3299E-01
.4190E+03 .3424E-01 .3428E-01 .4666E-04 .4666E-04 .3424E-01 .3428E-01
.4200E+03 .3131E-01 .3136E-01 .4498E-04 .4498E-04 .3131E-01 .3136E-01
.4210E+03 .3548E-01 .3553E-01 .5390E-04 .5390E-04 .3548E-01 .3553E-01
.4220E+03 .3490E-01 .3496E-01 .5594E-04 .5594E-04 .3490E-01 .3496E-01
.4230E+03 .3370E-01 .3375E-01 .5704E-04 .5704E-04 .3370E-01 .3375E-01
.4240E+03 .3341E-01 .3347E-01 .5949E-04 .5949E-04 .3341E-01 .3347E-01
.4250E+03 .3435E-01 .3442E-01 .6468E-04 .6468E-04 .3435E-01 .3442E-01
.4260E+03 .3332E-01 .3339E-01 .6652E-04 .6652E-04 .3332E-01 .3339E-01
.4270E+03 .3215E-01 .3222E-01 .6725E-04 .6725E-04 .3215E-01 .3222E-01
.4280E+03 .3244E-01 .3251E-01 .7092E-04 .7092E-04 .3244E-01 .3251E-01
.4290E+03 .3001E-01 .3008E-01 .6948E-04 .6948E-04 .3001E-01 .3008E-01
.4300E+03 .2390E-01 .2396E-01 .5810E-04 .5810E-04 .2390E-01 .2396E-01
.4310E+03 .2165E-01 .2170E-01 .5482E-04 .5482E-04 .2165E-01 .2170E-01
.4320E+03 .3592E-01 .3601E-01 .9619E-04 .9619E-04 .3592E-01 .3601E-01
.4330E+03 .3335E-01 .3344E-01 .9371E-04 .9371E-04 .3335E-01 .3344E-01
.4340E+03 .3076E-01 .3085E-01 .9008E-04 .9008E-04 .3076E-01 .3085E-01
.4350E+03 .3371E-01 .3381E-01 .1026E-03 .1026E-03 .3371E-01 .3381E-01
.4360E+03 .3693E-01 .3705E-01 .1185E-03 .1185E-03 .3693E-01 .3705E-01
.4370E+03 .3763E-01 .3775E-01 .1272E-03 .1272E-03 .3763E-01 .3775E-01
.4380E+03 .3293E-01 .3305E-01 .1169E-03 .1169E-03 .3293E-01 .3305E-01
.4390E+03 .3156E-01 .3167E-01 .1152E-03 .1152E-03 .3156E-01 .3167E-01
.4400E+03 .3606E-01 .3620E-01 .1383E-03 .1383E-03 .3606E-01 .3620E-01
.4410E+03 .3545E-01 .3560E-01 .1432E-03 .1432E-03 .3545E-01 .3560E-01
.4420E+03 .3783E-01 .3799E-01 .1583E-03 .1583E-03 .3783E-01 .3799E-01
.4430E+03 .3824E-01 .3840E-01 .1615E-03 .1615E-03 .3824E-01 .3840E-01
.4440E+03 .3731E-01 .3747E-01 .1670E-03 .1670E-03 .3731E-01 .3747E-01
.4450E+03 .3873E-01 .3890E-01 .1776E-03 .1776E-03 .3873E-01 .3890E-01
.4460E+03 .3476E-01 .3493E-01 .1668E-03 .1668E-03 .3476E-01 .3493E-01
.4470E+03 .3955E-01 .3975E-01 .2013E-03 .2013E-03 .3955E-01 .3975E-01
.4480E+03 .3994E-01 .4015E-01 .2097E-03 .2097E-03 .3994E-01 .4015E-01
.4490E+03 .3975E-01 .3997E-01 .2212E-03 .2212E-03 .3975E-01 .3997E-01
.4500E+03 .4110E-01 .4134E-01 .2392E-03 .2392E-03 .4110E-01 .4134E-01
.4510E+03 .4256E-01 .4282E-01 .2573E-03 .2573E-03 .4256E-01 .4282E-01
.4520E+03 .4073E-01 .4098E-01 .2553E-03 .2553E-03 .4073E-01 .4098E-01
.4530E+03 .3760E-01 .3784E-01 .2445E-03 .2445E-03 .3760E-01 .3784E-01
.4540E+03 .4031E-01 .4058E-01 .2731E-03 .2731E-03 .4031E-01 .4058E-01
.4550E+03 .3991E-01 .4019E-01 .2799E-03 .2799E-03 .3991E-01 .4019E-01
.4560E+03 .4112E-01 .4142E-01 .2996E-03 .2996E-03 .4112E-01 .4142E-01
.4570E+03 .4129E-01 .4160E-01 .3122E-03 .3122E-03 .4129E-01 .4160E-01
.4580E+03 .4021E-01 .4053E-01 .3132E-03 .3132E-03 .4021E-01 .4053E-01
.4590E+03 .3970E-01 .4002E-01 .3218E-03 .3218E-03 .3970E-01 .4002E-01
.4600E+03 .3925E-01 .3958E-01 .3287E-03 .3287E-03 .3925E-01 .3958E-01
.4610E+03 .4050E-01 .4085E-01 .3515E-03 .3515E-03 .4050E-01 .4085E-01
.4620E+03 .4085E-01 .4122E-01 .3682E-03 .3682E-03 .4085E-01 .4122E-01
.4630E+03 .4103E-01 .4141E-01 .3782E-03 .3782E-03 .4103E-01 .4141E-01
.4640E+03 .3989E-01 .4028E-01 .3809E-03 .3809E-03 .3989E-01 .4028E-01
.4650E+03 .3950E-01 .3989E-01 .3913E-03 .3913E-03 .3950E-01 .3989E-01
.4660E+03 .4037E-01 .4078E-01 .4139E-03 .4139E-03 .4037E-01 .4078E-01
.4670E+03 .3851E-01 .3891E-01 .4027E-03 .4027E-03 .3851E-01 .3891E-01
.4680E+03 .4005E-01 .4049E-01 .4318E-03 .4318E-03 .4005E-01 .4049E-01
.4690E+03 .4008E-01 .4052E-01 .4438E-03 .4438E-03 .4008E-01 .4052E-01
.4700E+03 .3843E-01 .3886E-01 .4320E-03 .4320E-03 .3843E-01 .3886E-01
.4710E+03 .3906E-01 .3952E-01 .4530E-03 .4530E-03 .3906E-01 .3952E-01
.4720E+03 .4108E-01 .4157E-01 .4857E-03 .4857E-03 .4108E-01 .4157E-01
.4730E+03 .3948E-01 .3995E-01 .4761E-03 .4761E-03 .3948E-01 .3995E-01
.4740E+03 .3986E-01 .4035E-01 .4883E-03 .4883E-03 .3986E-01 .4035E-01
.4750E+03 .4103E-01 .4154E-01 .5075E-03 .5075E-03 .4103E-01 .4154E-01
.4760E+03 .3941E-01 .3990E-01 .4884E-03 .4884E-03 .3941E-01 .3990E-01
.4770E+03 .3941E-01 .3991E-01 .4961E-03 .4961E-03 .3941E-01 .3991E-01
.4780E+03 .4044E-01 .4098E-01 .5322E-03 .5322E-03 .4044E-01 .4098E-01
.4790E+03 .3939E-01 .3994E-01 .5478E-03 .5478E-03 .3939E-01 .3994E-01
.4800E+03 .3979E-01 .4037E-01 .5844E-03 .5844E-03 .3979E-01 .4037E-01
.4810E+03 .3958E-01 .4020E-01 .6136E-03 .6136E-03 .3958E-01 .4020E-01
.4820E+03 .3963E-01 .4028E-01 .6435E-03 .6435E-03 .3963E-01 .4028E-01
.4830E+03 .3917E-01 .3983E-01 .6622E-03 .6622E-03 .3917E-01 .3983E-01
.4840E+03 .3851E-01 .3918E-01 .6676E-03 .6676E-03 .3851E-01 .3918E-01
.4850E+03 .3851E-01 .3918E-01 .6788E-03 .6788E-03 .3851E-01 .3918E-01
.4860E+03 .3132E-01 .3189E-01 .5682E-03 .5682E-03 .3132E-01 .3189E-01
.4870E+03 .3514E-01 .3579E-01 .6569E-03 .6569E-03 .3514E-01 .3579E-01
.4880E+03 .3799E-01 .3871E-01 .7255E-03 .7255E-03 .3799E-01 .3871E-01
.4890E+03 .3569E-01 .3638E-01 .6947E-03 .6947E-03 .3569E-01 .3638E-01
.4900E+03 .3976E-01 .4056E-01 .8016E-03 .8016E-03 .3976E-01 .4056E-01
.4910E+03 .3812E-01 .3891E-01 .7945E-03 .7945E-03 .3812E-01 .3891E-01
.4920E+03 .3628E-01 .3706E-01 .7753E-03 .7753E-03 .3628E-01 .3706E-01
.4930E+03 .3878E-01 .3963E-01 .8478E-03 .8478E-03 .3878E-01 .3963E-01
.4940E+03 .3783E-01 .3867E-01 .8451E-03 .8451E-03 .3783E-01 .3867E-01
.4950E+03 .4011E-01 .4103E-01 .9171E-03 .9171E-03 .4011E-01 .4103E-01
.4960E+03 .3804E-01 .3893E-01 .8886E-03 .8886E-03 .3804E-01 .3893E-01
.4970E+03 .3851E-01 .3943E-01 .9235E-03 .9235E-03 .3851E-01 .3943E-01
.4980E+03 .3722E-01 .3814E-01 .9175E-03 .9175E-03 .3722E-01 .3814E-01
.4990E+03 .3693E-01 .3786E-01 .9335E-03 .9335E-03 .3693E-01 .3786E-01
.5000E+03 .3651E-01 .3745E-01 .9409E-03 .9409E-03 .3651E-01 .3745E-01
.5010E+03 .3510E-01 .3602E-01 .9221E-03 .9221E-03 .3510E-01 .3602E-01
.5020E+03 .3470E-01 .3561E-01 .9046E-03 .9046E-03 .3470E-01 .3561E-01
.5030E+03 .3594E-01 .3686E-01 .9265E-03 .9265E-03 .3594E-01 .3686E-01
.5040E+03 .3291E-01 .3367E-01 .7573E-03 .7573E-03 .3291E-01 .3367E-01
.5050E+03 .3554E-01 .3650E-01 .9607E-03 .9607E-03 .3554E-01 .3650E-01
.5060E+03 .3685E-01 .3786E-01 .1006E-02 .1006E-02 .3685E-01 .3786E-01
.5070E+03 .3526E-01 .3623E-01 .9726E-03 .9726E-03 .3526E-01 .3623E-01
.5080E+03 .3450E-01 .3549E-01 .9883E-03 .9883E-03 .3450E-01 .3549E-01
.5090E+03 .3630E-01 .3738E-01 .1078E-02 .1078E-02 .3630E-01 .3738E-01
.5100E+03 .3547E-01 .3656E-01 .1092E-02 .1092E-02 .3547E-01 .3656E-01
.5110E+03 .3620E-01 .3736E-01 .1163E-02 .1163E-02 .3620E-01 .3736E-01
.5120E+03 .3714E-01 .3838E-01 .1237E-02 .1237E-02 .3714E-01 .3838E-01
.5130E+03 .3482E-01 .3601E-01 .1192E-02 .1192E-02 .3482E-01 .3601E-01
.5140E+03 .3398E-01 .3518E-01 .1199E-02 .1199E-02 .3398E-01 .3518E-01
.5150E+03 .3484E-01 .3610E-01 .1257E-02 .1257E-02 .3484E-01 .3610E-01
.5160E+03 .3505E-01 .3634E-01 .1289E-02 .1289E-02 .3505E-01 .3634E-01
.5170E+03 .2849E-01 .2956E-01 .1073E-02 .1073E-02 .2849E-01 .2956E-01
.5180E+03 .3250E-01 .3375E-01 .1248E-02 .1248E-02 .3250E-01 .3375E-01
.5190E+03 .3141E-01 .3264E-01 .1227E-02 .1227E-02 .3141E-01 .3264E-01
.5200E+03 .3418E-01 .3554E-01 .1357E-02 .1357E-02 .3418E-01 .3554E-01
.5210E+03 .3429E-01 .3567E-01 .1386E-02 .1386E-02 .3429E-01 .3567E-01
.5220E+03 .3487E-01 .3630E-01 .1434E-02 .1434E-02 .3487E-01 .3630E-01
.5230E+03 .3274E-01 .3411E-01 .1371E-02 .1371E-02 .3274E-01 .3411E-01
.5240E+03 .3495E-01 .3642E-01 .1473E-02 .1473E-02 .3495E-01 .3642E-01
.5250E+03 .3440E-01 .3586E-01 .1464E-02 .1464E-02 .3440E-01 .3586E-01
.5260E+03 .3322E-01 .3468E-01 .1455E-02 .1455E-02 .3322E-01 .3468E-01
.5270E+03 .2881E-01 .3008E-01 .1266E-02 .1266E-02 .2881E-01 .3008E-01
.5280E+03 .3274E-01 .3421E-01 .1470E-02 .1470E-02 .3274E-01 .3421E-01
.5290E+03 .3404E-01 .3558E-01 .1541E-02 .1541E-02 .3403E-01 .3557E-01
.5300E+03 .3252E-01 .3402E-01 .1500E-02 .1500E-02 .3251E-01 .3401E-01
.5310E+03 .3411E-01 .3571E-01 .1604E-02 .1604E-02 .3409E-01 .3570E-01
.5320E+03 .3336E-01 .3496E-01 .1601E-02 .1601E-02 .3334E-01 .3494E-01
.5330E+03 .2971E-01 .3116E-01 .1453E-02 .1453E-02 .2969E-01 .3114E-01
.5340E+03 .3178E-01 .3337E-01 .1588E-02 .1588E-02 .3176E-01 .3335E-01
.5350E+03 .3226E-01 .3391E-01 .1646E-02 .1646E-02 .3223E-01 .3388E-01
.5360E+03 .3364E-01 .3539E-01 .1749E-02 .1749E-02 .3361E-01 .3536E-01
.5370E+03 .3112E-01 .3277E-01 .1652E-02 .1652E-02 .3109E-01 .3274E-01
.5380E+03 .3263E-01 .3440E-01 .1761E-02 .1761E-02 .3260E-01 .3436E-01
.5390E+03 .3175E-01 .3349E-01 .1740E-02 .1740E-02 .3171E-01 .3345E-01
.5400E+03 .3052E-01 .3219E-01 .1666E-02 .1666E-02 .3048E-01 .3215E-01
.5410E+03 .2913E-01 .3065E-01 .1524E-02 .1524E-02 .2909E-01 .3061E-01
.5420E+03 .3155E-01 .3323E-01 .1681E-02 .1681E-02 .3150E-01 .3318E-01
.5430E+03 .3099E-01 .3276E-01 .1773E-02 .1773E-02 .3094E-01 .3271E-01
.5440E+03 .3187E-01 .3365E-01 .1780E-02 .1780E-02 .3181E-01 .3359E-01
.5450E+03 .3107E-01 .3285E-01 .1784E-02 .1784E-02 .3101E-01 .3280E-01
.5460E+03 .3060E-01 .3231E-01 .1710E-02 .1710E-02 .3054E-01 .3225E-01
.5470E+03 .3099E-01 .3282E-01 .1823E-02 .1823E-02 .3093E-01 .3275E-01
.5480E+03 .3008E-01 .3192E-01 .1843E-02 .1843E-02 .3001E-01 .3185E-01
.5490E+03 .3097E-01 .3292E-01 .1953E-02 .1953E-02 .3090E-01 .3285E-01
.5500E+03 .3065E-01 .3263E-01 .1974E-02 .1974E-02 .3058E-01 .3255E-01
.5510E+03 .3055E-01 .3257E-01 .2018E-02 .2018E-02 .3048E-01 .3250E-01
.5520E+03 .3111E-01 .3321E-01 .2098E-02 .2098E-02 .3103E-01 .3313E-01
.5530E+03 .3014E-01 .3220E-01 .2059E-02 .2059E-02 .3006E-01 .3212E-01
.5540E+03 .3062E-01 .3275E-01 .2125E-02 .2125E-02 .3054E-01 .3266E-01
.5550E+03 .3067E-01 .3282E-01 .2151E-02 .2151E-02 .3058E-01 .3273E-01
.5560E+03 .3002E-01 .3215E-01 .2131E-02 .2131E-02 .2993E-01 .3206E-01
.5570E+03 .2913E-01 .3123E-01 .2092E-02 .2092E-02 .2905E-01 .3114E-01
.5580E+03 .2957E-01 .3171E-01 .2141E-02 .2141E-02 .2948E-01 .3162E-01
.5590E+03 .2779E-01 .2981E-01 .2029E-02 .2029E-02 .2769E-01 .2972E-01
.5600E+03 .2809E-01 .3017E-01 .2082E-02 .2082E-02 .2800E-01 .3008E-01
.5610E+03 .2953E-01 .3175E-01 .2216E-02 .2216E-02 .2943E-01 .3164E-01
.5620E+03 .2792E-01 .3003E-01 .2114E-02 .2114E-02 .2782E-01 .2993E-01
.5630E+03 .2879E-01 .3098E-01 .2190E-02 .2190E-02 .2868E-01 .3087E-01
.5640E+03 .2808E-01 .3022E-01 .2146E-02 .2146E-02 .2797E-01 .3012E-01
.5650E+03 .2812E-01 .3028E-01 .2159E-02 .2159E-02 .2801E-01 .3016E-01
.5660E+03 .2647E-01 .2851E-01 .2034E-02 .2034E-02 .2637E-01 .2840E-01
.5670E+03 .2807E-01 .3021E-01 .2140E-02 .2140E-02 .2796E-01 .3010E-01
.5680E+03 .2759E-01 .2956E-01 .1966E-02 .1966E-02 .2747E-01 .2944E-01
.5690E+03 .2653E-01 .2824E-01 .1714E-02 .1714E-02 .2641E-01 .2813E-01
.5700E+03 .2657E-01 .2836E-01 .1791E-02 .1791E-02 .2645E-01 .2824E-01
.5710E+03 .2576E-01 .2761E-01 .1854E-02 .1854E-02 .2564E-01 .2749E-01
.5720E+03 .2696E-01 .2878E-01 .1820E-02 .1820E-02 .2683E-01 .2865E-01
.5730E+03 .2702E-01 .2886E-01 .1838E-02 .1838E-02 .2689E-01 .2873E-01
.5740E+03 .2686E-01 .2867E-01 .1815E-02 .1815E-02 .2673E-01 .2854E-01
.5750E+03 .2622E-01 .2796E-01 .1737E-02 .1737E-02 .2609E-01 .2782E-01
.5760E+03 .2604E-01 .2778E-01 .1735E-02 .1735E-02 .2591E-01 .2764E-01
.5770E+03 .2675E-01 .2856E-01 .1807E-02 .1807E-02 .2661E-01 .2842E-01
.5780E+03 .2602E-01 .2787E-01 .1852E-02 .1852E-02 .2588E-01 .2773E-01
.5790E+03 .2648E-01 .2849E-01 .2007E-02 .2007E-02 .2634E-01 .2834E-01
.5800E+03 .2700E-01 .2920E-01 .2200E-02 .2200E-02 .2685E-01 .2905E-01
.5810E+03 .2720E-01 .2955E-01 .2349E-02 .2349E-02 .2704E-01 .2939E-01
.5820E+03 .2767E-01 .3017E-01 .2498E-02 .2498E-02 .2751E-01 .3001E-01
.5830E+03 .2800E-01 .3063E-01 .2635E-02 .2635E-02 .2783E-01 .3047E-01
.5840E+03 .2795E-01 .3064E-01 .2689E-02 .2689E-02 .2778E-01 .3047E-01
.5850E+03 .2773E-01 .3044E-01 .2712E-02 .2712E-02 .2756E-01 .3027E-01
.5860E+03 .2701E-01 .2963E-01 .2626E-02 .2626E-02 .2684E-01 .2946E-01
.5870E+03 .2746E-01 .2997E-01 .2510E-02 .2510E-02 .2729E-01 .2980E-01
.5880E+03 .2631E-01 .2834E-01 .2026E-02 .2026E-02 .2614E-01 .2817E-01
.5890E+03 .2202E-01 .2333E-01 .1314E-02 .1314E-02 .2187E-01 .2319E-01
.5900E+03 .2339E-01 .2474E-01 .1352E-02 .1352E-02 .2323E-01 .2458E-01
.5910E+03 .2529E-01 .2700E-01 .1709E-02 .1709E-02 .2512E-01 .2683E-01
.5920E+03 .2450E-01 .2613E-01 .1627E-02 .1627E-02 .2433E-01 .2596E-01
.5930E+03 .2507E-01 .2721E-01 .2143E-02 .2143E-02 .2489E-01 .2703E-01
.5940E+03 .2469E-01 .2664E-01 .1942E-02 .1942E-02 .2452E-01 .2646E-01
.5950E+03 .2399E-01 .2602E-01 .2023E-02 .2023E-02 .2382E-01 .2584E-01
.5960E+03 .2516E-01 .2744E-01 .2280E-02 .2280E-02 .2497E-01 .2725E-01
.5970E+03 .2502E-01 .2738E-01 .2364E-02 .2364E-02 .2483E-01 .2719E-01
.5980E+03 .2469E-01 .2700E-01 .2313E-02 .2313E-02 .2450E-01 .2681E-01
.5990E+03 .2465E-01 .2712E-01 .2471E-02 .2471E-02 .2446E-01 .2693E-01
.6000E+03 .2497E-01 .2767E-01 .2696E-02 .2696E-02 .2477E-01 .2747E-01
.6010E+03 .2474E-01 .2761E-01 .2874E-02 .2874E-02 .2454E-01 .2742E-01
.6020E+03 .2436E-01 .2730E-01 .2940E-02 .2940E-02 .2416E-01 .2710E-01
.6030E+03 .2490E-01 .2798E-01 .3082E-02 .3082E-02 .2469E-01 .2778E-01
.6040E+03 .2536E-01 .2857E-01 .3200E-02 .3200E-02 .2515E-01 .2835E-01
.6050E+03 .2538E-01 .2865E-01 .3278E-02 .3278E-02 .2516E-01 .2844E-01
.6060E+03 .2532E-01 .2867E-01 .3352E-02 .3352E-02 .2510E-01 .2846E-01
.6070E+03 .2556E-01 .2903E-01 .3466E-02 .3466E-02 .2534E-01 .2881E-01
.6080E+03 .2558E-01 .2912E-01 .3538E-02 .3538E-02 .2536E-01 .2889E-01
.6090E+03 .2549E-01 .2907E-01 .3579E-02 .3579E-02 .2527E-01 .2885E-01
.6100E+03 .2549E-01 .2911E-01 .3614E-02 .3614E-02 .2526E-01 .2888E-01
.6110E+03 .2547E-01 .2913E-01 .3655E-02 .3655E-02 .2524E-01 .2890E-01
.6120E+03 .2597E-01 .2972E-01 .3750E-02 .3750E-02 .2572E-01 .2947E-01
.6130E+03 .2570E-01 .2944E-01 .3734E-02 .3734E-02 .2546E-01 .2919E-01
.6140E+03 .2502E-01 .2869E-01 .3676E-02 .3676E-02 .2478E-01 .2846E-01
.6150E+03 .2603E-01 .2991E-01 .3880E-02 .3880E-02 .2578E-01 .2966E-01
.6160E+03 .2543E-01 .2926E-01 .3832E-02 .3832E-02 .2518E-01 .2901E-01
.6170E+03 .2518E-01 .2901E-01 .3822E-02 .3822E-02 .2493E-01 .2876E-01
.6180E+03 .2621E-01 .3021E-01 .3997E-02 .3997E-02 .2595E-01 .2994E-01
.6190E+03 .2640E-01 .3044E-01 .4041E-02 .4041E-02 .2613E-01 .3017E-01
.6200E+03 .2645E-01 .3048E-01 .4030E-02 .4030E-02 .2618E-01 .3021E-01
.6210E+03 .2660E-01 .3057E-01 .3976E-02 .3976E-02 .2632E-01 .3030E-01
.6220E+03 .2565E-01 .2926E-01 .3609E-02 .3609E-02 .2538E-01 .2899E-01
.6230E+03 .2547E-01 .2885E-01 .3381E-02 .3381E-02 .2520E-01 .2858E-01
.6240E+03 .2543E-01 .2892E-01 .3488E-02 .3488E-02 .2516E-01 .2865E-01
.6250E+03 .2532E-01 .2893E-01 .3611E-02 .3611E-02 .2504E-01 .2866E-01
.6260E+03 .2531E-01 .2890E-01 .3589E-02 .3589E-02 .2503E-01 .2862E-01
.6270E+03 .2597E-01 .2939E-01 .3423E-02 .3423E-02 .2568E-01 .2910E-01
.6280E+03 .2431E-01 .2612E-01 .1813E-02 .1813E-02 .2404E-01 .2585E-01
.6290E+03 .2541E-01 .2822E-01 .2810E-02 .2810E-02 .2512E-01 .2793E-01
.6300E+03 .2521E-01 .2803E-01 .2818E-02 .2818E-02 .2492E-01 .2774E-01
.6310E+03 .2580E-01 .2927E-01 .3474E-02 .3474E-02 .2550E-01 .2897E-01
.6320E+03 .2476E-01 .2816E-01 .3402E-02 .3402E-02 .2447E-01 .2787E-01
.6330E+03 .2648E-01 .3044E-01 .3962E-02 .3962E-02 .2617E-01 .3013E-01
.6340E+03 .2620E-01 .3043E-01 .4224E-02 .4224E-02 .2589E-01 .3011E-01
.6350E+03 .2657E-01 .3098E-01 .4410E-02 .4410E-02 .2625E-01 .3066E-01
.6360E+03 .2606E-01 .3048E-01 .4424E-02 .4424E-02 .2574E-01 .3016E-01
.6370E+03 .2701E-01 .3168E-01 .4667E-02 .4667E-02 .2668E-01 .3134E-01
.6380E+03 .2733E-01 .3228E-01 .4954E-02 .4954E-02 .2698E-01 .3194E-01
.6390E+03 .2728E-01 .3232E-01 .5041E-02 .5041E-02 .2694E-01 .3198E-01
.6400E+03 .2680E-01 .3191E-01 .5110E-02 .5110E-02 .2646E-01 .3157E-01
.6410E+03 .2688E-01 .3209E-01 .5207E-02 .5207E-02 .2654E-01 .3174E-01
.6420E+03 .2702E-01 .3240E-01 .5377E-02 .5377E-02 .2667E-01 .3205E-01
.6430E+03 .2732E-01 .3273E-01 .5411E-02 .5411E-02 .2696E-01 .3237E-01
.6440E+03 .2728E-01 .3279E-01 .5515E-02 .5515E-02 .2692E-01 .3243E-01
.6450E+03 .2743E-01 .3275E-01 .5319E-02 .5319E-02 .2706E-01 .3238E-01
.6460E+03 .2639E-01 .3103E-01 .4645E-02 .4645E-02 .2603E-01 .3068E-01
.6470E+03 .2585E-01 .3015E-01 .4304E-02 .4304E-02 .2550E-01 .2980E-01
.6480E+03 .2549E-01 .2925E-01 .3760E-02 .3760E-02 .2513E-01 .2889E-01
.6490E+03 .2477E-01 .2874E-01 .3964E-02 .3964E-02 .2443E-01 .2839E-01
.6500E+03 .2550E-01 .3025E-01 .4751E-02 .4751E-02 .2514E-01 .2989E-01
.6510E+03 .2724E-01 .3253E-01 .5297E-02 .5297E-02 .2685E-01 .3215E-01
.6520E+03 .2538E-01 .2920E-01 .3828E-02 .3828E-02 .2501E-01 .2884E-01
.6530E+03 .2702E-01 .3242E-01 .5399E-02 .5399E-02 .2663E-01 .3203E-01
.6540E+03 .2680E-01 .3215E-01 .5353E-02 .5353E-02 .2641E-01 .3176E-01
.6550E+03 .2528E-01 .2986E-01 .4581E-02 .4581E-02 .2490E-01 .2948E-01
.6560E+03 .2238E-01 .2656E-01 .4180E-02 .4180E-02 .2205E-01 .2623E-01
.6570E+03 .2340E-01 .2793E-01 .4526E-02 .4526E-02 .2305E-01 .2757E-01
.6580E+03 .2639E-01 .3186E-01 .5477E-02 .5477E-02 .2599E-01 .3146E-01
.6590E+03 .2659E-01 .3223E-01 .5644E-02 .5644E-02 .2618E-01 .3182E-01
.6600E+03 .2680E-01 .3234E-01 .5533E-02 .5533E-02 .2639E-01 .3192E-01
.6610E+03 .2681E-01 .3224E-01 .5422E-02 .5422E-02 .2640E-01 .3182E-01
.6620E+03 .2665E-01 .3184E-01 .5185E-02 .5185E-02 .2624E-01 .3142E-01
.6630E+03 .2672E-01 .3216E-01 .5435E-02 .5435E-02 .2630E-01 .3173E-01
.6640E+03 .2704E-01 .3308E-01 .6033E-02 .6033E-02 .2661E-01 .3264E-01
.6650E+03 .2759E-01 .3414E-01 .6548E-02 .6548E-02 .2715E-01 .3370E-01
.6660E+03 .2764E-01 .3452E-01 .6882E-02 .6882E-02 .2719E-01 .3407E-01
.6670E+03 .2750E-01 .3461E-01 .7104E-02 .7104E-02 .2705E-01 .3416E-01
.6680E+03 .2766E-01 .3507E-01 .7408E-02 .7408E-02 .2721E-01 .3462E-01
.6690E+03 .2817E-01 .3582E-01 .7642E-02 .7642E-02 .2770E-01 .3535E-01
.6700E+03 .2781E-01 .3547E-01 .7662E-02 .7662E-02 .2734E-01 .3501E-01
.6710E+03 .2779E-01 .3554E-01 .7743E-02 .7743E-02 .2732E-01 .3507E-01
.6720E+03 .2744E-01 .3515E-01 .7713E-02 .7713E-02 .2697E-01 .3468E-01
.6730E+03 .2771E-01 .3558E-01 .7868E-02 .7868E-02 .2723E-01 .3510E-01
.6740E+03 .2769E-01 .3563E-01 .7943E-02 .7943E-02 .2721E-01 .3515E-01
.6750E+03 .2749E-01 .3545E-01 .7958E-02 .7958E-02 .2701E-01 .3497E-01
.6760E+03 .2783E-01 .3595E-01 .8123E-02 .8123E-02 .2734E-01 .3546E-01
.6770E+03 .2759E-01 .3570E-01 .8112E-02 .8112E-02 .2710E-01 .3521E-01
.6780E+03 .2775E-01 .3596E-01 .8210E-02 .8210E-02 .2725E-01 .3546E-01
.6790E+03 .2753E-01 .3574E-01 .8208E-02 .8208E-02 .2703E-01 .3524E-01
.6800E+03 .2758E-01 .3585E-01 .8274E-02 .8274E-02 .2707E-01 .3535E-01
.6810E+03 .2746E-01 .3572E-01 .8262E-02 .8262E-02 .2695E-01 .3521E-01
.6820E+03 .2757E-01 .3591E-01 .8338E-02 .8338E-02 .2706E-01 .3540E-01
.6830E+03 .2725E-01 .3552E-01 .8261E-02 .8261E-02 .2675E-01 .3501E-01
.6840E+03 .2705E-01 .3521E-01 .8160E-02 .8160E-02 .2654E-01 .3470E-01
.6850E+03 .2708E-01 .3542E-01 .8338E-02 .8338E-02 .2657E-01 .3491E-01
.6860E+03 .2645E-01 .3447E-01 .8018E-02 .8018E-02 .2595E-01 .3396E-01
.6870E+03 .1816E-01 .1829E-01 .1326E-03 .1326E-03 .1781E-01 .1794E-01
.6880E+03 .2147E-01 .2220E-01 .7242E-03 .7242E-03 .2106E-01 .2178E-01
.6890E+03 .2162E-01 .2238E-01 .7605E-03 .7605E-03 .2120E-01 .2196E-01
.6900E+03 .2280E-01 .2408E-01 .1285E-02 .1285E-02 .2235E-01 .2363E-01
.6910E+03 .2386E-01 .2611E-01 .2247E-02 .2247E-02 .2339E-01 .2564E-01
.6920E+03 .2436E-01 .2751E-01 .3148E-02 .3148E-02 .2387E-01 .2702E-01
.6930E+03 .2335E-01 .2651E-01 .3166E-02 .3166E-02 .2288E-01 .2604E-01
.6940E+03 .2267E-01 .2607E-01 .3405E-02 .3405E-02 .2221E-01 .2561E-01
.6950E+03 .2372E-01 .2849E-01 .4768E-02 .4768E-02 .2324E-01 .2801E-01
.6960E+03 .2368E-01 .2855E-01 .4872E-02 .4872E-02 .2319E-01 .2807E-01
.6970E+03 .2597E-01 .3330E-01 .7324E-02 .7324E-02 .2544E-01 .3276E-01
.6980E+03 .2552E-01 .3230E-01 .6777E-02 .6777E-02 .2499E-01 .3176E-01
.6990E+03 .2430E-01 .2950E-01 .5200E-02 .5200E-02 .2379E-01 .2899E-01
.7000E+03 .2406E-01 .2923E-01 .5171E-02 .5171E-02 .2355E-01 .2872E-01
