Wvlgth Difuse_horizn_irradiance Direct_horizn_irradiance
.3500E+03 .5166E-01 .8429E-03
.3510E+03 .5378E-01 .9191E-03
.3520E+03 .5031E-01 .9026E-03
.3530E+03 .5044E-01 .9522E-03
.3540E+03 .5849E-01 .1149E-02
.3550E+03 .5891E-01 .1213E-02
.3560E+03 .5325E-01 .1154E-02
.3570E+03 .4376E-01 .9865E-03
.3580E+03 .4110E-01 .9648E-03
.3590E+03 .4473E-01 .1093E-02
.3600E+03 .5678E-01 .1443E-02
.3610E+03 .4927E-01 .1307E-02
.3620E+03 .5050E-01 .1413E-02
.3630E+03 .5677E-01 .1669E-02
.3640E+03 .5703E-01 .1755E-02
.3650E+03 .5848E-01 .1872E-02
.3660E+03 .6879E-01 .2296E-02
.3670E+03 .6746E-01 .2342E-02
.3680E+03 .6213E-01 .2235E-02
.3690E+03 .6434E-01 .2411E-02
.3700E+03 .6992E-01 .2728E-02
.3710E+03 .6406E-01 .2599E-02
.3720E+03 .6214E-01 .2609E-02
.3730E+03 .5688E-01 .2480E-02
.3740E+03 .5101E-01 .2307E-02
.3750E+03 .5390E-01 .2525E-02
.3760E+03 .6156E-01 .2976E-02
.3770E+03 .6481E-01 .3239E-02
.3780E+03 .7770E-01 .4006E-02
.3790E+03 .6737E-01 .3574E-02
.3800E+03 .6332E-01 .3456E-02
.3810E+03 .6889E-01 .3901E-02
.3820E+03 .5282E-01 .3104E-02
.3830E+03 .4089E-01 .2491E-02
.3840E+03 .4570E-01 .2874E-02
.3850E+03 .6025E-01 .3912E-02
.3860E+03 .5544E-01 .3720E-02
.3870E+03 .5804E-01 .4018E-02
.3880E+03 .5652E-01 .4030E-02
.3890E+03 .6080E-01 .4467E-02
.3900E+03 .7055E-01 .5340E-02
.3910E+03 .7521E-01 .5861E-02
.3920E+03 .7007E-01 .5608E-02
.3930E+03 .4221E-01 .3483E-02
.3940E+03 .4351E-01 .3693E-02
.3950E+03 .7074E-01 .6168E-02
.3960E+03 .6611E-01 .5912E-02
.3970E+03 .3717E-01 .3424E-02
.3980E+03 .7419E-01 .6994E-02
.3990E+03 .9287E-01 .9011E-02
.4000E+03 .9653E-01 .9580E-02
.4010E+03 .9843E-01 .1022E-01
.4020E+03 .1021E+00 .1090E-01
.4030E+03 .9817E-01 .1075E-01
.4040E+03 .9955E-01 .1116E-01
.4050E+03 .9690E-01 .1111E-01
.4060E+03 .9433E-01 .1110E-01
.4070E+03 .9244E-01 .1117E-01
.4080E+03 .9627E-01 .1186E-01
.4090E+03 .1026E+00 .1293E-01
.4100E+03 .8725E-01 .1126E-01
.4110E+03 .9748E-01 .1287E-01
.4120E+03 .1034E+00 .1400E-01
.4130E+03 .9903E-01 .1364E-01
.4140E+03 .9776E-01 .1379E-01
.4150E+03 .1010E+00 .1457E-01
.4160E+03 .1037E+00 .1534E-01
.4170E+03 .1009E+00 .1523E-01
.4180E+03 .9633E-01 .1483E-01
.4190E+03 .1001E+00 .1573E-01
.4200E+03 .9151E-01 .1466E-01
.4210E+03 .1037E+00 .1696E-01
.4220E+03 .1020E+00 .1703E-01
.4230E+03 .9846E-01 .1679E-01
.4240E+03 .9761E-01 .1696E-01
.4250E+03 .1003E+00 .1782E-01
.4260E+03 .9729E-01 .1767E-01
.4270E+03 .9381E-01 .1733E-01
.4280E+03 .9455E-01 .1775E-01
.4290E+03 .8741E-01 .1678E-01
.4300E+03 .6957E-01 .1360E-01
.4310E+03 .6297E-01 .1250E-01
.4320E+03 .1044E+00 .2120E-01
.4330E+03 .9689E-01 .2004E-01
.4340E+03 .8929E-01 .1876E-01
.4350E+03 .9773E-01 .2082E-01
.4360E+03 .1070E+00 .2327E-01
.4370E+03 .1089E+00 .2419E-01
.4380E+03 .9521E-01 .2157E-01
.4390E+03 .9118E-01 .2087E-01
.4400E+03 .1041E+00 .2433E-01
.4410E+03 .1023E+00 .2443E-01
.4420E+03 .1091E+00 .2646E-01
.4430E+03 .1101E+00 .2687E-01
.4440E+03 .1072E+00 .2672E-01
.4450E+03 .1111E+00 .2794E-01
.4460E+03 .9952E-01 .2550E-01
.4470E+03 .1130E+00 .2958E-01
.4480E+03 .1140E+00 .3016E-01
.4490E+03 .1133E+00 .3072E-01
.4500E+03 .1170E+00 .3232E-01
.4510E+03 .1210E+00 .3393E-01
.4520E+03 .1156E+00 .3288E-01
.4530E+03 .1065E+00 .3074E-01
.4540E+03 .1139E+00 .3345E-01
.4550E+03 .1126E+00 .3356E-01
.4560E+03 .1159E+00 .3509E-01
.4570E+03 .1162E+00 .3578E-01
.4580E+03 .1131E+00 .3526E-01
.4590E+03 .1115E+00 .3542E-01
.4600E+03 .1101E+00 .3550E-01
.4610E+03 .1135E+00 .3715E-01
.4620E+03 .1142E+00 .3800E-01
.4630E+03 .1144E+00 .3838E-01
.4640E+03 .1109E+00 .3773E-01
.4650E+03 .1095E+00 .3780E-01
.4660E+03 .1116E+00 .3909E-01
.4670E+03 .1062E+00 .3754E-01
.4680E+03 .1103E+00 .3954E-01
.4690E+03 .1102E+00 .4005E-01
.4700E+03 .1054E+00 .3868E-01
.4710E+03 .1069E+00 .3974E-01
.4720E+03 .1122E+00 .4206E-01
.4730E+03 .1075E+00 .4071E-01
.4740E+03 .1083E+00 .4130E-01
.4750E+03 .1113E+00 .4276E-01
.4760E+03 .1068E+00 .4128E-01
.4770E+03 .1066E+00 .4167E-01
.4780E+03 .1093E+00 .4355E-01
.4790E+03 .1063E+00 .4336E-01
.4800E+03 .1073E+00 .4474E-01
.4810E+03 .1066E+00 .4545E-01
.4820E+03 .1065E+00 .4630E-01
.4830E+03 .1050E+00 .4639E-01
.4840E+03 .1029E+00 .4595E-01
.4850E+03 .1025E+00 .4613E-01
.4860E+03 .8307E-01 .3781E-01
.4870E+03 .9289E-01 .4281E-01
.4880E+03 .1002E+00 .4661E-01
.4890E+03 .9389E-01 .4409E-01
.4900E+03 .1044E+00 .4982E-01
.4910E+03 .9986E-01 .4841E-01
.4920E+03 .9482E-01 .4650E-01
.4930E+03 .1011E+00 .5010E-01
.4940E+03 .9833E-01 .4922E-01
.4950E+03 .1040E+00 .5263E-01
.4960E+03 .9840E-01 .5034E-01
.4970E+03 .9944E-01 .5157E-01
.4980E+03 .9598E-01 .5051E-01
.4990E+03 .9513E-01 .5077E-01
.5000E+03 .9394E-01 .5076E-01
.5010E+03 .9019E-01 .4933E-01
.5020E+03 .8910E-01 .4896E-01
.5030E+03 .9215E-01 .5078E-01
.5040E+03 .8424E-01 .4460E-01
.5050E+03 .9077E-01 .5113E-01
.5060E+03 .9386E-01 .5310E-01
.5070E+03 .8950E-01 .5095E-01
.5080E+03 .8727E-01 .5054E-01
.5090E+03 .9149E-01 .5377E-01
.5100E+03 .8907E-01 .5309E-01
.5110E+03 .9063E-01 .5497E-01
.5120E+03 .9272E-01 .5707E-01
.5130E+03 .8671E-01 .5409E-01
.5140E+03 .8443E-01 .5341E-01
.5150E+03 .8637E-01 .5528E-01
.5160E+03 .8669E-01 .5607E-01
.5170E+03 .7028E-01 .4601E-01
.5180E+03 .7998E-01 .5288E-01
.5190E+03 .7712E-01 .5146E-01
.5200E+03 .8372E-01 .5638E-01
.5210E+03 .8380E-01 .5702E-01
.5220E+03 .8507E-01 .5849E-01
.5230E+03 .7970E-01 .5538E-01
.5240E+03 .8495E-01 .5952E-01
.5250E+03 .8351E-01 .5899E-01
.5260E+03 .8054E-01 .5769E-01
.5270E+03 .6977E-01 .5033E-01
.5280E+03 .7918E-01 .5777E-01
.5290E+03 .8213E-01 .6042E-01
.5300E+03 .7830E-01 .5829E-01
.5310E+03 .8194E-01 .6171E-01
.5320E+03 .7993E-01 .6089E-01
.5330E+03 .7098E-01 .5465E-01
.5340E+03 .7570E-01 .5892E-01
.5350E+03 .7658E-01 .6022E-01
.5360E+03 .7958E-01 .6316E-01
.5370E+03 .7338E-01 .5885E-01
.5380E+03 .7671E-01 .6212E-01
.5390E+03 .7441E-01 .6086E-01
.5400E+03 .7134E-01 .5862E-01
.5410E+03 .6791E-01 .5544E-01
.5420E+03 .7338E-01 .6040E-01
.5430E+03 .7191E-01 .6090E-01
.5440E+03 .7376E-01 .6228E-01
.5450E+03 .7174E-01 .6143E-01
.5460E+03 .7046E-01 .5997E-01
.5470E+03 .7118E-01 .6186E-01
.5480E+03 .6888E-01 .6080E-01
.5490E+03 .7073E-01 .6330E-01
.5500E+03 .6981E-01 .6320E-01
.5510E+03 .6940E-01 .6360E-01
.5520E+03 .7047E-01 .6526E-01
.5530E+03 .6809E-01 .6357E-01
.5540E+03 .6902E-01 .6502E-01
.5550E+03 .6896E-01 .6545E-01
.5560E+03 .6733E-01 .6444E-01
.5570E+03 .6521E-01 .6294E-01
.5580E+03 .6607E-01 .6425E-01
.5590E+03 .6196E-01 .6073E-01
.5600E+03 .6254E-01 .6195E-01
.5610E+03 .6562E-01 .6565E-01
.5620E+03 .6193E-01 .6247E-01
.5630E+03 .6374E-01 .6474E-01
.5640E+03 .6203E-01 .6340E-01
.5650E+03 .6199E-01 .6375E-01
.5660E+03 .5823E-01 .6020E-01
.5670E+03 .6162E-01 .6387E-01
.5680E+03 .6043E-01 .6171E-01
.5690E+03 .5797E-01 .5687E-01
.5700E+03 .5793E-01 .5823E-01
.5710E+03 .5604E-01 .5816E-01
.5720E+03 .5851E-01 .5946E-01
.5730E+03 .5851E-01 .5985E-01
.5740E+03 .5800E-01 .5955E-01
.5750E+03 .5646E-01 .5781E-01
.5760E+03 .5591E-01 .5765E-01
.5770E+03 .5724E-01 .5950E-01
.5780E+03 .5550E-01 .5876E-01
.5790E+03 .5630E-01 .6091E-01
.5800E+03 .5722E-01 .6349E-01
.5810E+03 .5746E-01 .6507E-01
.5820E+03 .5827E-01 .6716E-01
.5830E+03 .5877E-01 .6887E-01
.5840E+03 .5850E-01 .6927E-01
.5850E+03 .5786E-01 .6910E-01
.5860E+03 .5620E-01 .6708E-01
.5870E+03 .5699E-01 .6681E-01
.5880E+03 .5447E-01 .5942E-01
.5890E+03 .4547E-01 .4491E-01
.5900E+03 .4818E-01 .4772E-01
.5910E+03 .5200E-01 .5459E-01
.5920E+03 .5026E-01 .5268E-01
.5930E+03 .5134E-01 .5742E-01
.5940E+03 .5050E-01 .5694E-01
.5950E+03 .4899E-01 .5259E-01
.5960E+03 .5128E-01 .6073E-01
.5970E+03 .5092E-01 .6012E-01
.5980E+03 .5018E-01 .6123E-01
.5990E+03 .5003E-01 .6280E-01
.6000E+03 .5058E-01 .6601E-01
.6010E+03 .5002E-01 .6738E-01
.6020E+03 .4913E-01 .6700E-01
.6030E+03 .5010E-01 .6919E-01
.6040E+03 .5090E-01 .7081E-01
.6050E+03 .5077E-01 .7130E-01
.6060E+03 .5051E-01 .7178E-01
.6070E+03 .5083E-01 .7305E-01
.6080E+03 .5070E-01 .7353E-01
.6090E+03 .5036E-01 .7353E-01
.6100E+03 .5019E-01 .7361E-01
.6110E+03 .4998E-01 .7371E-01
.6120E+03 .5078E-01 .7510E-01
.6130E+03 .5010E-01 .7430E-01
.6140E+03 .4860E-01 .7249E-01
.6150E+03 .5041E-01 .7571E-01
.6160E+03 .4909E-01 .7414E-01
.6170E+03 .4847E-01 .7350E-01
.6180E+03 .5029E-01 .7651E-01
.6190E+03 .5050E-01 .7706E-01
.6200E+03 .5046E-01 .7695E-01
.6210E+03 .5061E-01 .7662E-01
.6220E+03 .4867E-01 .7179E-01
.6230E+03 .4820E-01 .6935E-01
.6240E+03 .4800E-01 .7030E-01
.6250E+03 .4766E-01 .7133E-01
.6260E+03 .4751E-01 .7126E-01
.6270E+03 .4861E-01 .7141E-01
.6280E+03 .4539E-01 .5530E-01
.6290E+03 .4730E-01 .6574E-01
.6300E+03 .4681E-01 .6554E-01
.6310E+03 .4777E-01 .7162E-01
.6320E+03 .4572E-01 .6883E-01
.6330E+03 .4877E-01 .7614E-01
.6340E+03 .4812E-01 .7718E-01
.6350E+03 .4867E-01 .7882E-01
.6360E+03 .4759E-01 .7792E-01
.6370E+03 .4920E-01 .8104E-01
.6380E+03 .4963E-01 .8332E-01
.6390E+03 .4941E-01 .8371E-01
.6400E+03 .4841E-01 .8300E-01
.6410E+03 .4842E-01 .8363E-01
.6420E+03 .4853E-01 .8468E-01
.6430E+03 .4893E-01 .8518E-01
.6440E+03 .4873E-01 .8568E-01
.6450E+03 .4888E-01 .8506E-01
.6460E+03 .4690E-01 .7834E-01
.6470E+03 .4582E-01 .7177E-01
.6480E+03 .4506E-01 .7059E-01
.6490E+03 .4369E-01 .6823E-01
.6500E+03 .4486E-01 .7717E-01
.6510E+03 .4780E-01 .8330E-01
.6520E+03 .4442E-01 .7028E-01
.6530E+03 .4718E-01 .8319E-01
.6540E+03 .4668E-01 .8240E-01
.6550E+03 .4391E-01 .7558E-01
.6560E+03 .3878E-01 .6729E-01
.6570E+03 .4046E-01 .7067E-01
.6580E+03 .4553E-01 .8239E-01
.6590E+03 .4578E-01 .8301E-01
.6600E+03 .4606E-01 .8280E-01
.6610E+03 .4598E-01 .8160E-01
.6620E+03 .4562E-01 .7920E-01
.6630E+03 .4564E-01 .8077E-01
.6640E+03 .4609E-01 .8529E-01
.6650E+03 .4693E-01 .8939E-01
.6660E+03 .4691E-01 .9133E-01
.6670E+03 .4658E-01 .9223E-01
.6680E+03 .4675E-01 .9391E-01
.6690E+03 .4751E-01 .9611E-01
.6700E+03 .4681E-01 .9538E-01
.6710E+03 .4669E-01 .9564E-01
.6720E+03 .4599E-01 .9466E-01
.6730E+03 .4635E-01 .9589E-01
.6740E+03 .4624E-01 .9615E-01
.6750E+03 .4581E-01 .9572E-01
.6760E+03 .4629E-01 .9714E-01
.6770E+03 .4581E-01 .9651E-01
.6780E+03 .4598E-01 .9723E-01
.6790E+03 .4554E-01 .9669E-01
.6800E+03 .4553E-01 .9710E-01
.6810E+03 .4525E-01 .9688E-01
.6820E+03 .4537E-01 .9750E-01
.6830E+03 .4477E-01 .9656E-01
.6840E+03 .4437E-01 .9581E-01
.6850E+03 .4434E-01 .9652E-01
.6860E+03 .4323E-01 .9390E-01
.6870E+03 .2963E-01 .1996E-01
.6880E+03 .3497E-01 .3808E-01
.6890E+03 .3515E-01 .3891E-01
.6900E+03 .3700E-01 .4769E-01
.6910E+03 .3866E-01 .5841E-01
.6920E+03 .3940E-01 .6555E-01
.6930E+03 .3769E-01 .6051E-01
.6940E+03 .3654E-01 .6169E-01
.6950E+03 .3817E-01 .7175E-01
.6960E+03 .3804E-01 .7207E-01
.6970E+03 .4165E-01 .8796E-01
.6980E+03 .4085E-01 .8605E-01
.6990E+03 .3883E-01 .7536E-01
.7000E+03 .3840E-01 .7471E-01
