Wvlgth Difuse_horizn_irradiance Direct_horizn_irradiance
.3500E+03 .1041E-01 .2474E-08
.3510E+03 .1086E-01 .3001E-08
.3520E+03 .1018E-01 .3285E-08
.3530E+03 .1028E-01 .3883E-08
.3540E+03 .1199E-01 .5169E-08
.3550E+03 .1211E-01 .6055E-08
.3560E+03 .1099E-01 .6433E-08
.3570E+03 .9059E-02 .6020E-08
.3580E+03 .8538E-02 .6433E-08
.3590E+03 .9318E-02 .7931E-08
.3600E+03 .1185E-01 .1142E-07
.3610E+03 .1032E-01 .1145E-07
.3620E+03 .1061E-01 .1404E-07
.3630E+03 .1195E-01 .1866E-07
.3640E+03 .1204E-01 .2180E-07
.3650E+03 .1237E-01 .2555E-07
.3660E+03 .1458E-01 .3446E-07
.3670E+03 .1433E-01 .3846E-07
.3680E+03 .1322E-01 .3991E-07
.3690E+03 .1371E-01 .4716E-07
.3700E+03 .1492E-01 .5843E-07
.3710E+03 .1369E-01 .6079E-07
.3720E+03 .1330E-01 .6612E-07
.3730E+03 .1219E-01 .6844E-07
.3740E+03 .1095E-01 .6911E-07
.3750E+03 .1158E-01 .8197E-07
.3760E+03 .1325E-01 .1039E-06
.3770E+03 .1396E-01 .1217E-06
.3780E+03 .1676E-01 .1609E-06
.3790E+03 .1454E-01 .1529E-06
.3800E+03 .1368E-01 .1580E-06
.3810E+03 .1490E-01 .1940E-06
.3820E+03 .1143E-01 .1684E-06
.3830E+03 .8856E-02 .1470E-06
.3840E+03 .9906E-02 .1828E-06
.3850E+03 .1307E-01 .2678E-06
.3860E+03 .1204E-01 .2741E-06
.3870E+03 .1261E-01 .3177E-06
.3880E+03 .1229E-01 .3409E-06
.3890E+03 .1323E-01 .4045E-06
.3900E+03 .1536E-01 .5172E-06
.3910E+03 .1638E-01 .6064E-06
.3920E+03 .1528E-01 .6176E-06
.3930E+03 .9207E-02 .4101E-06
.3940E+03 .9498E-02 .4630E-06
.3950E+03 .1545E-01 .8227E-06
.3960E+03 .1445E-01 .8366E-06
.3970E+03 .8131E-02 .5168E-06
.3980E+03 .1624E-01 .1116E-05
.3990E+03 .2034E-01 .1531E-05
.4000E+03 .2116E-01 .1718E-05
.4010E+03 .2220E-01 .1945E-05
.4020E+03 .2305E-01 .2200E-05
.4030E+03 .2216E-01 .2301E-05
.4040E+03 .2249E-01 .2519E-05
.4050E+03 .2190E-01 .2643E-05
.4060E+03 .2133E-01 .2797E-05
.4070E+03 .2092E-01 .2977E-05
.4080E+03 .2179E-01 .3315E-05
.4090E+03 .2323E-01 .3808E-05
.4100E+03 .1977E-01 .3491E-05
.4110E+03 .2211E-01 .4203E-05
.4120E+03 .2348E-01 .4821E-05
.4130E+03 .2250E-01 .4911E-05
.4140E+03 .2223E-01 .5224E-05
.4150E+03 .2298E-01 .5805E-05
.4160E+03 .2363E-01 .6433E-05
.4170E+03 .2301E-01 .6685E-05
.4180E+03 .2198E-01 .6817E-05
.4190E+03 .2286E-01 .7568E-05
.4200E+03 .2093E-01 .7372E-05
.4210E+03 .2374E-01 .8930E-05
.4220E+03 .2337E-01 .9365E-05
.4230E+03 .2258E-01 .9650E-05
.4240E+03 .2241E-01 .1017E-04
.4250E+03 .2306E-01 .1117E-04
.4260E+03 .2239E-01 .1161E-04
.4270E+03 .2163E-01 .1185E-04
.4280E+03 .2183E-01 .1262E-04
.4290E+03 .2022E-01 .1249E-04
.4300E+03 .1612E-01 .1055E-04
.4310E+03 .1461E-01 .1004E-04
.4320E+03 .2426E-01 .1779E-04
.4330E+03 .2254E-01 .1749E-04
.4340E+03 .2081E-01 .1696E-04
.4350E+03 .2283E-01 .1949E-04
.4360E+03 .2503E-01 .2272E-04
.4370E+03 .2552E-01 .2463E-04
.4380E+03 .2235E-01 .2283E-04
.4390E+03 .2144E-01 .2266E-04
.4400E+03 .2452E-01 .2745E-04
.4410E+03 .2412E-01 .2868E-04
.4420E+03 .2576E-01 .3190E-04
.4430E+03 .2606E-01 .3260E-04
.4440E+03 .2544E-01 .3409E-04
.4450E+03 .2643E-01 .3648E-04
.4460E+03 .2375E-01 .3453E-04
.4470E+03 .2704E-01 .4221E-04
.4480E+03 .2733E-01 .4435E-04
.4490E+03 .2722E-01 .4724E-04
.4500E+03 .2817E-01 .5151E-04
.4510E+03 .2919E-01 .5584E-04
.4520E+03 .2795E-01 .5583E-04
.4530E+03 .2583E-01 .5386E-04
.4540E+03 .2771E-01 .6063E-04
.4550E+03 .2746E-01 .6260E-04
.4560E+03 .2831E-01 .6747E-04
.4570E+03 .2845E-01 .7082E-04
.4580E+03 .2773E-01 .7148E-04
.4590E+03 .2739E-01 .7398E-04
.4600E+03 .2710E-01 .7604E-04
.4610E+03 .2798E-01 .8188E-04
.4620E+03 .2825E-01 .8636E-04
.4630E+03 .2840E-01 .8925E-04
.4640E+03 .2763E-01 .9051E-04
.4650E+03 .2738E-01 .9364E-04
.4660E+03 .2801E-01 .9971E-04
.4670E+03 .2673E-01 .9750E-04
.4680E+03 .2783E-01 .1051E-03
.4690E+03 .2787E-01 .1085E-03
.4700E+03 .2674E-01 .1058E-03
.4710E+03 .2720E-01 .1117E-03
.4720E+03 .2863E-01 .1203E-03
.4730E+03 .2753E-01 .1184E-03
.4740E+03 .2782E-01 .1220E-03
.4750E+03 .2866E-01 .1270E-03
.4760E+03 .2755E-01 .1221E-03
.4770E+03 .2757E-01 .1244E-03
.4780E+03 .2830E-01 .1345E-03
.4790E+03 .2759E-01 .1400E-03
.4800E+03 .2788E-01 .1510E-03
.4810E+03 .2775E-01 .1602E-03
.4820E+03 .2781E-01 .1695E-03
.4830E+03 .2751E-01 .1758E-03
.4840E+03 .2707E-01 .1782E-03
.4850E+03 .2709E-01 .1818E-03
.4860E+03 .2205E-01 .1532E-03
.4870E+03 .2476E-01 .1782E-03
.4880E+03 .2679E-01 .1978E-03
.4890E+03 .2518E-01 .1902E-03
.4900E+03 .2808E-01 .2210E-03
.4910E+03 .2693E-01 .2203E-03
.4920E+03 .2566E-01 .2161E-03
.4930E+03 .2744E-01 .2375E-03
.4940E+03 .2679E-01 .2379E-03
.4950E+03 .2843E-01 .2594E-03
.4960E+03 .2698E-01 .2525E-03
.4970E+03 .2733E-01 .2636E-03
.4980E+03 .2643E-01 .2631E-03
.4990E+03 .2624E-01 .2688E-03
.5000E+03 .2596E-01 .2718E-03
.5010E+03 .2497E-01 .2672E-03
.5020E+03 .2471E-01 .2611E-03
.5030E+03 .2560E-01 .2663E-03
.5040E+03 .2346E-01 .2161E-03
.5050E+03 .2535E-01 .2800E-03
.5060E+03 .2631E-01 .2956E-03
.5070E+03 .2519E-01 .2865E-03
.5080E+03 .2467E-01 .2922E-03
.5090E+03 .2598E-01 .3208E-03
.5100E+03 .2541E-01 .3279E-03
.5110E+03 .2595E-01 .3514E-03
.5120E+03 .2665E-01 .3767E-03
.5130E+03 .2500E-01 .3652E-03
.5140E+03 .2441E-01 .3697E-03
.5150E+03 .2505E-01 .3892E-03
.5160E+03 .2522E-01 .4006E-03
.5170E+03 .2051E-01 .3351E-03
.5180E+03 .2342E-01 .3910E-03
.5190E+03 .2265E-01 .3861E-03
.5200E+03 .2467E-01 .4283E-03
.5210E+03 .2476E-01 .4391E-03
.5220E+03 .2520E-01 .4558E-03
.5230E+03 .2367E-01 .4374E-03
.5240E+03 .2529E-01 .4699E-03
.5250E+03 .2491E-01 .4676E-03
.5260E+03 .2407E-01 .4681E-03
.5270E+03 .2089E-01 .4072E-03
.5280E+03 .2375E-01 .4751E-03
.5290E+03 .2470E-01 .4988E-03
.5300E+03 .2362E-01 .4873E-03
.5310E+03 .2479E-01 .5229E-03
.5320E+03 .2426E-01 .5243E-03
.5330E+03 .2162E-01 .4776E-03
.5340E+03 .2315E-01 .5241E-03
.5350E+03 .2351E-01 .5458E-03
.5360E+03 .2454E-01 .5823E-03
.5370E+03 .2271E-01 .5527E-03
.5380E+03 .2384E-01 .5908E-03
.5390E+03 .2320E-01 .5852E-03
.5400E+03 .2232E-01 .5586E-03
.5410E+03 .2132E-01 .5045E-03
.5420E+03 .2310E-01 .5609E-03
.5430E+03 .2271E-01 .5996E-03
.5440E+03 .2337E-01 .5993E-03
.5450E+03 .2280E-01 .6027E-03
.5460E+03 .2247E-01 .5760E-03
.5470E+03 .2277E-01 .6197E-03
.5480E+03 .2211E-01 .6334E-03
.5490E+03 .2278E-01 .6755E-03
.5500E+03 .2257E-01 .6851E-03
.5510E+03 .2251E-01 .7046E-03
.5520E+03 .2293E-01 .7360E-03
.5530E+03 .2223E-01 .7244E-03
.5540E+03 .2260E-01 .7505E-03
.5550E+03 .2265E-01 .7615E-03
.5560E+03 .2218E-01 .7561E-03
.5570E+03 .2154E-01 .7442E-03
.5580E+03 .2188E-01 .7632E-03
.5590E+03 .2057E-01 .7243E-03
.5600E+03 .2081E-01 .7448E-03
.5610E+03 .2188E-01 .7946E-03
.5620E+03 .2070E-01 .7588E-03
.5630E+03 .2135E-01 .7868E-03
.5640E+03 .2084E-01 .7717E-03
.5650E+03 .2088E-01 .7768E-03
.5660E+03 .1967E-01 .7316E-03
.5670E+03 .2087E-01 .7680E-03
.5680E+03 .2053E-01 .6932E-03
.5690E+03 .1975E-01 .6065E-03
.5700E+03 .1979E-01 .6319E-03
.5710E+03 .1920E-01 .6556E-03
.5720E+03 .2010E-01 .6408E-03
.5730E+03 .2016E-01 .6478E-03
.5740E+03 .2005E-01 .6365E-03
.5750E+03 .1959E-01 .6066E-03
.5760E+03 .1946E-01 .6040E-03
.5770E+03 .2001E-01 .6297E-03
.5780E+03 .1947E-01 .6539E-03
.5790E+03 .1983E-01 .7191E-03
.5800E+03 .2023E-01 .8000E-03
.5810E+03 .2040E-01 .8654E-03
.5820E+03 .2076E-01 .9281E-03
.5830E+03 .2102E-01 .9866E-03
.5840E+03 .2100E-01 .1011E-02
.5850E+03 .2084E-01 .1022E-02
.5860E+03 .2031E-01 .9910E-03
.5870E+03 .2067E-01 .9367E-03
.5880E+03 .1981E-01 .7556E-03
.5890E+03 .1659E-01 .4292E-03
.5900E+03 .1763E-01 .4388E-03
.5910E+03 .1908E-01 .6088E-03
.5920E+03 .1849E-01 .5490E-03
.5930E+03 .1893E-01 .8566E-03
.5940E+03 .1865E-01 .6860E-03
.5950E+03 .1813E-01 .8779E-03
.5960E+03 .1902E-01 .8747E-03
.5970E+03 .1892E-01 .9608E-03
.5980E+03 .1868E-01 .8754E-03
.5990E+03 .1866E-01 .9604E-03
.6000E+03 .1891E-01 .1044E-02
.6010E+03 .1875E-01 .1120E-02
.6020E+03 .1847E-01 .1161E-02
.6030E+03 .1889E-01 .1219E-02
.6040E+03 .1925E-01 .1273E-02
.6050E+03 .1927E-01 .1311E-02
.6060E+03 .1924E-01 .1346E-02
.6070E+03 .1944E-01 .1396E-02
.6080E+03 .1946E-01 .1430E-02
.6090E+03 .1941E-01 .1450E-02
.6100E+03 .1942E-01 .1468E-02
.6110E+03 .1942E-01 .1489E-02
.6120E+03 .1980E-01 .1530E-02
.6130E+03 .1961E-01 .1527E-02
.6140E+03 .1910E-01 .1506E-02
.6150E+03 .1989E-01 .1594E-02
.6160E+03 .1944E-01 .1577E-02
.6170E+03 .1926E-01 .1575E-02
.6180E+03 .2006E-01 .1650E-02
.6190E+03 .2021E-01 .1669E-02
.6200E+03 .2026E-01 .1665E-02
.6210E+03 .2039E-01 .1640E-02
.6220E+03 .1967E-01 .1482E-02
.6230E+03 .1954E-01 .1381E-02
.6240E+03 .1952E-01 .1429E-02
.6250E+03 .1945E-01 .1482E-02
.6260E+03 .1945E-01 .1470E-02
.6270E+03 .1996E-01 .1381E-02
.6280E+03 .1870E-01 .6609E-03
.6290E+03 .1955E-01 .1095E-02
.6300E+03 .1941E-01 .1102E-02
.6310E+03 .1987E-01 .1400E-02
.6320E+03 .1908E-01 .1390E-02
.6330E+03 .2042E-01 .1631E-02
.6340E+03 .2021E-01 .1762E-02
.6350E+03 .2051E-01 .1855E-02
.6360E+03 .2012E-01 .1864E-02
.6370E+03 .2087E-01 .1978E-02
.6380E+03 .2112E-01 .2111E-02
.6390E+03 .2110E-01 .2154E-02
.6400E+03 .2074E-01 .2197E-02
.6410E+03 .2081E-01 .2244E-02
.6420E+03 .2093E-01 .2332E-02
.6430E+03 .2117E-01 .2356E-02
.6440E+03 .2114E-01 .2406E-02
.6450E+03 .2127E-01 .2295E-02
.6460E+03 .2047E-01 .2007E-02
.6470E+03 .2006E-01 .2005E-02
.6480E+03 .1979E-01 .1542E-02
.6490E+03 .1924E-01 .1809E-02
.6500E+03 .1981E-01 .2035E-02
.6510E+03 .2117E-01 .2303E-02
.6520E+03 .1973E-01 .1583E-02
.6530E+03 .2102E-01 .2360E-02
.6540E+03 .2085E-01 .2379E-02
.6550E+03 .1967E-01 .1906E-02
.6560E+03 .1742E-01 .1801E-02
.6570E+03 .1823E-01 .1987E-02
.6580E+03 .2057E-01 .2401E-02
.6590E+03 .2074E-01 .2535E-02
.6600E+03 .2092E-01 .2464E-02
.6610E+03 .2094E-01 .2411E-02
.6620E+03 .2083E-01 .2305E-02
.6630E+03 .2090E-01 .2442E-02
.6640E+03 .2116E-01 .2727E-02
.6650E+03 .2161E-01 .2975E-02
.6660E+03 .2166E-01 .3146E-02
.6670E+03 .2157E-01 .3262E-02
.6680E+03 .2170E-01 .3426E-02
.6690E+03 .2212E-01 .3539E-02
.6700E+03 .2185E-01 .3559E-02
.6710E+03 .2185E-01 .3604E-02
.6720E+03 .2158E-01 .3596E-02
.6730E+03 .2181E-01 .3675E-02
.6740E+03 .2181E-01 .3717E-02
.6750E+03 .2166E-01 .3731E-02
.6760E+03 .2195E-01 .3815E-02
.6770E+03 .2177E-01 .3815E-02
.6780E+03 .2191E-01 .3867E-02
.6790E+03 .2175E-01 .3872E-02
.6800E+03 .2180E-01 .3906E-02
.6810E+03 .2172E-01 .3899E-02
.6820E+03 .2182E-01 .3937E-02
.6830E+03 .2158E-01 .3898E-02
.6840E+03 .2144E-01 .3842E-02
.6850E+03 .2147E-01 .3946E-02
.6860E+03 .2098E-01 .3777E-02
.6870E+03 .1441E-01 .2887E-04
.6880E+03 .1706E-01 .2176E-03
.6890E+03 .1718E-01 .2300E-03
.6900E+03 .1813E-01 .4269E-03
.6910E+03 .1899E-01 .8367E-03
.6920E+03 .1939E-01 .1261E-02
.6930E+03 .1860E-01 .1205E-02
.6940E+03 .1807E-01 .1387E-02
.6950E+03 .1892E-01 .2094E-02
.6960E+03 .1890E-01 .2185E-02
.6970E+03 .2074E-01 .3521E-02
.6980E+03 .2039E-01 .3112E-02
.6990E+03 .1943E-01 .2321E-02
.7000E+03 .1926E-01 .2263E-02
Wvlgth Difuse_horizn_irradiance Direct_horizn_irradiance
.3500E+03 .3275E-01 .2900E-04
.3510E+03 .3407E-01 .3250E-04
.3520E+03 .3185E-01 .3285E-04
.3530E+03 .3200E-01 .3575E-04
.3540E+03 .3716E-01 .4424E-04
.3550E+03 .3742E-01 .4798E-04
.3560E+03 .3386E-01 .4707E-04
.3570E+03 .2783E-01 .4120E-04
.3580E+03 .2615E-01 .4126E-04
.3590E+03 .2846E-01 .4780E-04
.3600E+03 .3612E-01 .6457E-04
.3610E+03 .3137E-01 .6008E-04
.3620E+03 .3217E-01 .6716E-04
.3630E+03 .3617E-01 .8186E-04
.3640E+03 .3635E-01 .8851E-04
.3650E+03 .3728E-01 .9675E-04
.3660E+03 .4387E-01 .1217E-03
.3670E+03 .4303E-01 .1271E-03
.3680E+03 .3964E-01 .1239E-03
.3690E+03 .4106E-01 .1370E-03
.3700E+03 .4464E-01 .1589E-03
.3710E+03 .4090E-01 .1550E-03
.3720E+03 .3970E-01 .1589E-03
.3730E+03 .3635E-01 .1545E-03
.3740E+03 .3260E-01 .1469E-03
.3750E+03 .3446E-01 .1643E-03
.3760E+03 .3937E-01 .1972E-03
.3770E+03 .4147E-01 .2189E-03
.3780E+03 .4974E-01 .2757E-03
.3790E+03 .4314E-01 .2501E-03
.3800E+03 .4056E-01 .2460E-03
.3810E+03 .4415E-01 .2839E-03
.3820E+03 .3387E-01 .2312E-03
.3830E+03 .2623E-01 .1897E-03
.3840E+03 .2933E-01 .2232E-03
.3850E+03 .3869E-01 .3097E-03
.3860E+03 .3561E-01 .3004E-03
.3870E+03 .3730E-01 .3306E-03
.3880E+03 .3635E-01 .3376E-03
.3890E+03 .3912E-01 .3810E-03
.3900E+03 .4543E-01 .4636E-03
.3910E+03 .4846E-01 .5179E-03
.3920E+03 .4517E-01 .5036E-03
.3930E+03 .2723E-01 .3185E-03
.3940E+03 .2809E-01 .3433E-03
.3950E+03 .4570E-01 .5829E-03
.3960E+03 .4274E-01 .5673E-03
.3970E+03 .2405E-01 .3344E-03
.3980E+03 .4804E-01 .6926E-03
.3990E+03 .6018E-01 .9078E-03
.4000E+03 .6260E-01 .9784E-03
.4010E+03 .6434E-01 .1061E-02
.4020E+03 .6681E-01 .1149E-02
.4030E+03 .6426E-01 .1152E-02
.4040E+03 .6521E-01 .1212E-02
.4050E+03 .6353E-01 .1223E-02
.4060E+03 .6189E-01 .1241E-02
.4070E+03 .6070E-01 .1267E-02
.4080E+03 .6326E-01 .1362E-02
.4090E+03 .6746E-01 .1506E-02
.4100E+03 .5743E-01 .1329E-02
.4110E+03 .6422E-01 .1540E-02
.4120E+03 .6821E-01 .1699E-02
.4130E+03 .6537E-01 .1674E-02
.4140E+03 .6459E-01 .1716E-02
.4150E+03 .6676E-01 .1838E-02
.4160E+03 .6866E-01 .1962E-02
.4170E+03 .6686E-01 .1971E-02
.4180E+03 .6388E-01 .1943E-02
.4190E+03 .6644E-01 .2085E-02
.4200E+03 .6081E-01 .1966E-02
.4210E+03 .6897E-01 .2302E-02
.4220E+03 .6791E-01 .2337E-02
.4230E+03 .6562E-01 .2331E-02
.4240E+03 .6512E-01 .2381E-02
.4250E+03 .6700E-01 .2531E-02
.4260E+03 .6504E-01 .2543E-02
.4270E+03 .6278E-01 .2520E-02
.4280E+03 .6336E-01 .2606E-02
.4290E+03 .5865E-01 .2495E-02
.4300E+03 .4673E-01 .2045E-02
.4310E+03 .4234E-01 .1895E-02
.4320E+03 .7029E-01 .3254E-02
.4330E+03 .6529E-01 .3108E-02
.4340E+03 .6024E-01 .2935E-02
.4350E+03 .6602E-01 .3285E-02
.4360E+03 .7234E-01 .3714E-02
.4370E+03 .7372E-01 .3906E-02
.4380E+03 .6453E-01 .3520E-02
.4390E+03 .6186E-01 .3423E-02
.4400E+03 .7070E-01 .4033E-02
.4410E+03 .6953E-01 .4095E-02
.4420E+03 .7420E-01 .4468E-02
.4430E+03 .7499E-01 .4543E-02
.4440E+03 .7314E-01 .4579E-02
.4450E+03 .7589E-01 .4814E-02
.4460E+03 .6809E-01 .4440E-02
.4470E+03 .7744E-01 .5219E-02
.4480E+03 .7818E-01 .5356E-02
.4490E+03 .7780E-01 .5523E-02
.4500E+03 .8042E-01 .5868E-02
.4510E+03 .8324E-01 .6212E-02
.4520E+03 .7961E-01 .6068E-02
.4530E+03 .7345E-01 .5720E-02
.4540E+03 .7870E-01 .6282E-02
.4550E+03 .7789E-01 .6348E-02
.4560E+03 .8021E-01 .6690E-02
.4570E+03 .8052E-01 .6873E-02
.4580E+03 .7840E-01 .6810E-02
.4590E+03 .7737E-01 .6895E-02
.4600E+03 .7648E-01 .6952E-02
.4610E+03 .7887E-01 .7330E-02
.4620E+03 .7948E-01 .7560E-02
.4630E+03 .7974E-01 .7677E-02
.4640E+03 .7743E-01 .7612E-02
.4650E+03 .7656E-01 .7696E-02
.4660E+03 .7815E-01 .8023E-02
.4670E+03 .7448E-01 .7736E-02
.4680E+03 .7741E-01 .8198E-02
.4690E+03 .7741E-01 .8346E-02
.4700E+03 .7415E-01 .8085E-02
.4710E+03 .7528E-01 .8362E-02
.4720E+03 .7908E-01 .8890E-02
.4730E+03 .7589E-01 .8641E-02
.4740E+03 .7655E-01 .8792E-02
.4750E+03 .7872E-01 .9112E-02
.4760E+03 .7556E-01 .8787E-02
.4770E+03 .7551E-01 .8887E-02
.4780E+03 .7743E-01 .9370E-02
.4790E+03 .7537E-01 .9431E-02
.4800E+03 .7607E-01 .9839E-02
.4810E+03 .7562E-01 .1011E-01
.4820E+03 .7563E-01 .1040E-01
.4830E+03 .7463E-01 .1052E-01
.4840E+03 .7325E-01 .1048E-01
.4850E+03 .7310E-01 .1058E-01
.4860E+03 .5935E-01 .8731E-02
.4870E+03 .6647E-01 .9959E-02
.4880E+03 .7176E-01 .1089E-01
.4890E+03 .6732E-01 .1034E-01
.4900E+03 .7492E-01 .1177E-01
.4910E+03 .7172E-01 .1152E-01
.4920E+03 .6817E-01 .1112E-01
.4930E+03 .7275E-01 .1204E-01
.4940E+03 .7085E-01 .1189E-01
.4950E+03 .7502E-01 .1277E-01
.4960E+03 .7104E-01 .1227E-01
.4970E+03 .7183E-01 .1263E-01
.4980E+03 .6936E-01 .1243E-01
.4990E+03 .6876E-01 .1254E-01
.5000E+03 .6791E-01 .1257E-01
.5010E+03 .6522E-01 .1224E-01
.5020E+03 .6443E-01 .1210E-01
.5030E+03 .6665E-01 .1249E-01
.5040E+03 .6095E-01 .1064E-01
.5050E+03 .6573E-01 .1268E-01
.5060E+03 .6804E-01 .1318E-01
.5070E+03 .6497E-01 .1267E-01
.5080E+03 .6344E-01 .1270E-01
.5090E+03 .6661E-01 .1363E-01
.5100E+03 .6494E-01 .1358E-01
.5110E+03 .6616E-01 .1421E-01
.5120E+03 .6775E-01 .1486E-01
.5130E+03 .6341E-01 .1417E-01
.5140E+03 .6179E-01 .1408E-01
.5150E+03 .6325E-01 .1463E-01
.5160E+03 .6353E-01 .1489E-01
.5170E+03 .5155E-01 .1228E-01
.5180E+03 .5871E-01 .1416E-01
.5190E+03 .5666E-01 .1383E-01
.5200E+03 .6155E-01 .1519E-01
.5210E+03 .6164E-01 .1541E-01
.5220E+03 .6260E-01 .1585E-01
.5230E+03 .5868E-01 .1505E-01
.5240E+03 .6256E-01 .1618E-01
.5250E+03 .6150E-01 .1603E-01
.5260E+03 .5932E-01 .1575E-01
.5270E+03 .5138E-01 .1373E-01
.5280E+03 .5832E-01 .1580E-01
.5290E+03 .6054E-01 .1653E-01
.5300E+03 .5776E-01 .1599E-01
.5310E+03 .6049E-01 .1698E-01
.5320E+03 .5907E-01 .1681E-01
.5330E+03 .5252E-01 .1514E-01
.5340E+03 .5608E-01 .1640E-01
.5350E+03 .5682E-01 .1684E-01
.5360E+03 .5913E-01 .1774E-01
.5370E+03 .5460E-01 .1661E-01
.5380E+03 .5715E-01 .1759E-01
.5390E+03 .5550E-01 .1729E-01
.5400E+03 .5327E-01 .1662E-01
.5410E+03 .5076E-01 .1556E-01
.5420E+03 .5489E-01 .1699E-01
.5430E+03 .5384E-01 .1740E-01
.5440E+03 .5528E-01 .1767E-01
.5450E+03 .5381E-01 .1753E-01
.5460E+03 .5291E-01 .1698E-01
.5470E+03 .5350E-01 .1772E-01
.5480E+03 .5183E-01 .1756E-01
.5490E+03 .5328E-01 .1840E-01
.5500E+03 .5265E-01 .1845E-01
.5510E+03 .5239E-01 .1866E-01
.5520E+03 .5325E-01 .1922E-01
.5530E+03 .5151E-01 .1876E-01
.5540E+03 .5226E-01 .1924E-01
.5550E+03 .5225E-01 .1940E-01
.5560E+03 .5106E-01 .1913E-01
.5570E+03 .4949E-01 .1871E-01
.5580E+03 .5017E-01 .1910E-01
.5590E+03 .4708E-01 .1806E-01
.5600E+03 .4754E-01 .1845E-01
.5610E+03 .4991E-01 .1958E-01
.5620E+03 .4713E-01 .1863E-01
.5630E+03 .4853E-01 .1930E-01
.5640E+03 .4727E-01 .1889E-01
.5650E+03 .4727E-01 .1899E-01
.5660E+03 .4445E-01 .1792E-01
.5670E+03 .4707E-01 .1895E-01
.5680E+03 .4620E-01 .1801E-01
.5690E+03 .4436E-01 .1614E-01
.5700E+03 .4438E-01 .1670E-01
.5710E+03 .4297E-01 .1695E-01
.5720E+03 .4489E-01 .1703E-01
.5730E+03 .4491E-01 .1716E-01
.5740E+03 .4454E-01 .1705E-01
.5750E+03 .4339E-01 .1646E-01
.5760E+03 .4300E-01 .1645E-01
.5770E+03 .4407E-01 .1704E-01
.5780E+03 .4277E-01 .1704E-01
.5790E+03 .4343E-01 .1793E-01
.5800E+03 .4417E-01 .1902E-01
.5810E+03 .4440E-01 .1977E-01
.5820E+03 .4507E-01 .2063E-01
.5830E+03 .4550E-01 .2137E-01
.5840E+03 .4533E-01 .2162E-01
.5850E+03 .4487E-01 .2165E-01
.5860E+03 .4361E-01 .2098E-01
.5870E+03 .4426E-01 .2059E-01
.5880E+03 .4232E-01 .1749E-01
.5890E+03 .3535E-01 .1264E-01
.5900E+03 .3748E-01 .1330E-01
.5910E+03 .4046E-01 .1559E-01
.5920E+03 .3912E-01 .1515E-01
.5930E+03 .3996E-01 .1714E-01
.5940E+03 .3931E-01 .1699E-01
.5950E+03 .3813E-01 .1540E-01
.5960E+03 .3992E-01 .1843E-01
.5970E+03 .3963E-01 .1826E-01
.5980E+03 .3906E-01 .1870E-01
.5990E+03 .3894E-01 .1943E-01
.6000E+03 .3938E-01 .2081E-01
.6010E+03 .3895E-01 .2162E-01
.6020E+03 .3827E-01 .2166E-01
.6030E+03 .3905E-01 .2251E-01
.6040E+03 .3971E-01 .2314E-01
.6050E+03 .3964E-01 .2343E-01
.6060E+03 .3947E-01 .2374E-01
.6070E+03 .3977E-01 .2433E-01
.6080E+03 .3971E-01 .2462E-01
.6090E+03 .3949E-01 .2474E-01
.6100E+03 .3940E-01 .2484E-01
.6110E+03 .3928E-01 .2497E-01
.6120E+03 .3995E-01 .2551E-01
.6130E+03 .3946E-01 .2530E-01
.6140E+03 .3833E-01 .2477E-01
.6150E+03 .3980E-01 .2598E-01
.6160E+03 .3880E-01 .2553E-01
.6170E+03 .3834E-01 .2537E-01
.6180E+03 .3982E-01 .2646E-01
.6190E+03 .4002E-01 .2669E-01
.6200E+03 .4003E-01 .2663E-01
.6210E+03 .4018E-01 .2640E-01
.6220E+03 .3867E-01 .2437E-01
.6230E+03 .3833E-01 .2321E-01
.6240E+03 .3820E-01 .2373E-01
.6250E+03 .3796E-01 .2432E-01
.6260E+03 .3786E-01 .2428E-01
.6270E+03 .3878E-01 .2392E-01
.6280E+03 .3624E-01 .1614E-01
.6290E+03 .3780E-01 .2113E-01
.6300E+03 .3743E-01 .2112E-01
.6310E+03 .3824E-01 .2417E-01
.6320E+03 .3663E-01 .2332E-01
.6330E+03 .3910E-01 .2637E-01
.6340E+03 .3862E-01 .2723E-01
.6350E+03 .3909E-01 .2800E-01
.6360E+03 .3826E-01 .2786E-01
.6370E+03 .3958E-01 .2910E-01
.6380E+03 .3997E-01 .3031E-01
.6390E+03 .3983E-01 .3061E-01
.6400E+03 .3906E-01 .3060E-01
.6410E+03 .3910E-01 .3097E-01
.6420E+03 .3923E-01 .3158E-01
.6430E+03 .3959E-01 .3173E-01
.6440E+03 .3945E-01 .3209E-01
.6450E+03 .3960E-01 .3158E-01
.6460E+03 .3803E-01 .2836E-01
.6470E+03 .3719E-01 .2533E-01
.6480E+03 .3660E-01 .2470E-01
.6490E+03 .3551E-01 .2394E-01
.6500E+03 .3649E-01 .2848E-01
.6510E+03 .3891E-01 .3098E-01
.6520E+03 .3618E-01 .2476E-01
.6530E+03 .3846E-01 .3122E-01
.6540E+03 .3808E-01 .3080E-01
.6550E+03 .3584E-01 .2795E-01
.6560E+03 .3168E-01 .2484E-01
.6570E+03 .3307E-01 .2629E-01
.6580E+03 .3724E-01 .3126E-01
.6590E+03 .3747E-01 .3154E-01
.6600E+03 .3772E-01 .3128E-01
.6610E+03 .3769E-01 .3068E-01
.6620E+03 .3741E-01 .2949E-01
.6630E+03 .3746E-01 .3037E-01
.6640E+03 .3786E-01 .3285E-01
.6650E+03 .3857E-01 .3497E-01
.6660E+03 .3858E-01 .3616E-01
.6670E+03 .3834E-01 .3686E-01
.6680E+03 .3851E-01 .3787E-01
.6690E+03 .3917E-01 .3889E-01
.6700E+03 .3861E-01 .3874E-01
.6710E+03 .3854E-01 .3896E-01
.6720E+03 .3799E-01 .3866E-01
.6730E+03 .3832E-01 .3926E-01
.6740E+03 .3824E-01 .3947E-01
.6750E+03 .3791E-01 .3939E-01
.6760E+03 .3833E-01 .4006E-01
.6770E+03 .3796E-01 .3987E-01
.6780E+03 .3813E-01 .4023E-01
.6790E+03 .3778E-01 .4009E-01
.6800E+03 .3779E-01 .4032E-01
.6810E+03 .3759E-01 .4025E-01
.6820E+03 .3770E-01 .4056E-01
.6830E+03 .3722E-01 .4019E-01
.6840E+03 .3690E-01 .3983E-01
.6850E+03 .3690E-01 .4032E-01
.6860E+03 .3600E-01 .3908E-01
.6870E+03 .2468E-01 .3417E-02
.6880E+03 .2915E-01 .9380E-02
.6890E+03 .2932E-01 .9687E-02
.6900E+03 .3088E-01 .1329E-01
.6910E+03 .3228E-01 .1839E-01
.6920E+03 .3291E-01 .2224E-01
.6930E+03 .3151E-01 .2102E-01
.6940E+03 .3056E-01 .2206E-01
.6950E+03 .3194E-01 .2727E-01
.6960E+03 .3185E-01 .2742E-01
.6970E+03 .3489E-01 .3585E-01
.6980E+03 .3424E-01 .3479E-01
.6990E+03 .3256E-01 .2899E-01
.7000E+03 .3222E-01 .2893E-01
Wvlgth Difuse_horizn_irradiance Direct_horizn_irradiance
.3500E+03 .5222E-01 .6720E-03
.3510E+03 .5436E-01 .7344E-03
.3520E+03 .5086E-01 .7229E-03
.3530E+03 .5100E-01 .7647E-03
.3540E+03 .5916E-01 .9249E-03
.3550E+03 .5958E-01 .9780E-03
.3560E+03 .5387E-01 .9329E-03
.3570E+03 .4427E-01 .7993E-03
.3580E+03 .4159E-01 .7832E-03
.3590E+03 .4527E-01 .8887E-03
.3600E+03 .5746E-01 .1176E-02
.3610E+03 .4988E-01 .1067E-02
.3620E+03 .5113E-01 .1157E-02
.3630E+03 .5748E-01 .1370E-02
.3640E+03 .5775E-01 .1444E-02
.3650E+03 .5922E-01 .1544E-02
.3660E+03 .6967E-01 .1897E-02
.3670E+03 .6833E-01 .1939E-02
.3680E+03 .6294E-01 .1854E-02
.3690E+03 .6518E-01 .2004E-02
.3700E+03 .7085E-01 .2272E-02
.3710E+03 .6492E-01 .2169E-02
.3720E+03 .6299E-01 .2181E-02
.3730E+03 .5766E-01 .2077E-02
.3740E+03 .5171E-01 .1936E-02
.3750E+03 .5465E-01 .2123E-02
.3760E+03 .6242E-01 .2505E-02
.3770E+03 .6574E-01 .2731E-02
.3780E+03 .7882E-01 .3383E-02
.3790E+03 .6835E-01 .3023E-02
.3800E+03 .6425E-01 .2927E-02
.3810E+03 .6991E-01 .3310E-02
.3820E+03 .5361E-01 .2639E-02
.3830E+03 .4150E-01 .2121E-02
.3840E+03 .4639E-01 .2451E-02
.3850E+03 .6118E-01 .3342E-02
.3860E+03 .5630E-01 .3184E-02
.3870E+03 .5894E-01 .3444E-02
.3880E+03 .5741E-01 .3459E-02
.3890E+03 .6177E-01 .3840E-02
.3900E+03 .7169E-01 .4598E-02
.3910E+03 .7643E-01 .5053E-02
.3920E+03 .7122E-01 .4842E-02
.3930E+03 .4291E-01 .3012E-02
.3940E+03 .4424E-01 .3197E-02
.3950E+03 .7194E-01 .5348E-02
.3960E+03 .6724E-01 .5133E-02
.3970E+03 .3781E-01 .2977E-02
.3980E+03 .7548E-01 .6087E-02
.3990E+03 .9450E-01 .7855E-02
.4000E+03 .9824E-01 .8360E-02
.4010E+03 .1002E+00 .8932E-02
.4020E+03 .1040E+00 .9535E-02
.4030E+03 .9999E-01 .9421E-02
.4040E+03 .1014E+00 .9786E-02
.4050E+03 .9873E-01 .9753E-02
.4060E+03 .9612E-01 .9759E-02
.4070E+03 .9422E-01 .9830E-02
.4080E+03 .9813E-01 .1045E-01
.4090E+03 .1046E+00 .1141E-01
.4100E+03 .8897E-01 .9944E-02
.4110E+03 .9941E-01 .1138E-01
.4120E+03 .1055E+00 .1239E-01
.4130E+03 .1010E+00 .1209E-01
.4140E+03 .9975E-01 .1223E-01
.4150E+03 .1030E+00 .1294E-01
.4160E+03 .1059E+00 .1364E-01
.4170E+03 .1030E+00 .1355E-01
.4180E+03 .9835E-01 .1321E-01
.4190E+03 .1022E+00 .1402E-01
.4200E+03 .9346E-01 .1309E-01
.4210E+03 .1059E+00 .1516E-01
.4220E+03 .1042E+00 .1523E-01
.4230E+03 .1006E+00 .1503E-01
.4240E+03 .9975E-01 .1520E-01
.4250E+03 .1026E+00 .1598E-01
.4260E+03 .9945E-01 .1587E-01
.4270E+03 .9591E-01 .1557E-01
.4280E+03 .9669E-01 .1596E-01
.4290E+03 .8940E-01 .1511E-01
.4300E+03 .7117E-01 .1226E-01
.4310E+03 .6442E-01 .1127E-01
.4320E+03 .1069E+00 .1914E-01
.4330E+03 .9916E-01 .1811E-01
.4340E+03 .9139E-01 .1696E-01
.4350E+03 .1001E+00 .1884E-01
.4360E+03 .1095E+00 .2107E-01
.4370E+03 .1115E+00 .2192E-01
.4380E+03 .9751E-01 .1957E-01
.4390E+03 .9340E-01 .1894E-01
.4400E+03 .1067E+00 .2210E-01
.4410E+03 .1048E+00 .2221E-01
.4420E+03 .1118E+00 .2407E-01
.4430E+03 .1128E+00 .2445E-01
.4440E+03 .1099E+00 .2434E-01
.4450E+03 .1139E+00 .2547E-01
.4460E+03 .1020E+00 .2326E-01
.4470E+03 .1159E+00 .2701E-01
.4480E+03 .1169E+00 .2756E-01
.4490E+03 .1162E+00 .2809E-01
.4500E+03 .1201E+00 .2958E-01
.4510E+03 .1241E+00 .3108E-01
.4520E+03 .1186E+00 .3013E-01
.4530E+03 .1093E+00 .2819E-01
.4540E+03 .1169E+00 .3070E-01
.4550E+03 .1156E+00 .3082E-01
.4560E+03 .1190E+00 .3225E-01
.4570E+03 .1193E+00 .3290E-01
.4580E+03 .1161E+00 .3244E-01
.4590E+03 .1145E+00 .3260E-01
.4600E+03 .1131E+00 .3269E-01
.4610E+03 .1166E+00 .3424E-01
.4620E+03 .1173E+00 .3504E-01
.4630E+03 .1176E+00 .3541E-01
.4640E+03 .1140E+00 .3483E-01
.4650E+03 .1125E+00 .3493E-01
.4660E+03 .1147E+00 .3614E-01
.4670E+03 .1092E+00 .3472E-01
.4680E+03 .1134E+00 .3659E-01
.4690E+03 .1133E+00 .3707E-01
.4700E+03 .1085E+00 .3582E-01
.4710E+03 .1100E+00 .3682E-01
.4720E+03 .1154E+00 .3899E-01
.4730E+03 .1106E+00 .3774E-01
.4740E+03 .1115E+00 .3830E-01
.4750E+03 .1145E+00 .3966E-01
.4760E+03 .1099E+00 .3828E-01
.4770E+03 .1097E+00 .3865E-01
.4780E+03 .1125E+00 .4042E-01
.4790E+03 .1095E+00 .4028E-01
.4800E+03 .1104E+00 .4159E-01
.4810E+03 .1097E+00 .4230E-01
.4820E+03 .1096E+00 .4312E-01
.4830E+03 .1081E+00 .4325E-01
.4840E+03 .1059E+00 .4285E-01
.4850E+03 .1055E+00 .4303E-01
.4860E+03 .8557E-01 .3529E-01
.4870E+03 .9570E-01 .3999E-01
.4880E+03 .1032E+00 .4355E-01
.4890E+03 .9676E-01 .4121E-01
.4900E+03 .1076E+00 .4660E-01
.4910E+03 .1029E+00 .4530E-01
.4920E+03 .9774E-01 .4354E-01
.4930E+03 .1042E+00 .4692E-01
.4940E+03 .1014E+00 .4612E-01
.4950E+03 .1072E+00 .4933E-01
.4960E+03 .1015E+00 .4720E-01
.4970E+03 .1025E+00 .4837E-01
.4980E+03 .9898E-01 .4740E-01
.4990E+03 .9810E-01 .4766E-01
.5000E+03 .9687E-01 .4765E-01
.5010E+03 .9301E-01 .4632E-01
.5020E+03 .9188E-01 .4596E-01
.5030E+03 .9502E-01 .4765E-01
.5040E+03 .8687E-01 .4173E-01
.5050E+03 .9361E-01 .4800E-01
.5060E+03 .9681E-01 .4985E-01
.5070E+03 .9232E-01 .4784E-01
.5080E+03 .9003E-01 .4750E-01
.5090E+03 .9440E-01 .5057E-01
.5100E+03 .9192E-01 .4997E-01
.5110E+03 .9354E-01 .5179E-01
.5120E+03 .9571E-01 .5380E-01
.5130E+03 .8951E-01 .5101E-01
.5140E+03 .8715E-01 .5040E-01
.5150E+03 .8917E-01 .5218E-01
.5160E+03 .8950E-01 .5294E-01
.5170E+03 .7256E-01 .4346E-01
.5180E+03 .8259E-01 .4996E-01
.5190E+03 .7963E-01 .4863E-01
.5200E+03 .8645E-01 .5329E-01
.5210E+03 .8654E-01 .5391E-01
.5220E+03 .8785E-01 .5531E-01
.5230E+03 .8230E-01 .5238E-01
.5240E+03 .8772E-01 .5630E-01
.5250E+03 .8623E-01 .5579E-01
.5260E+03 .8316E-01 .5458E-01
.5270E+03 .7203E-01 .4761E-01
.5280E+03 .8175E-01 .5466E-01
.5290E+03 .8484E-01 .5717E-01
.5300E+03 .8093E-01 .5516E-01
.5310E+03 .8475E-01 .5841E-01
.5320E+03 .8269E-01 .5765E-01
.5330E+03 .7344E-01 .5176E-01
.5340E+03 .7833E-01 .5583E-01
.5350E+03 .7924E-01 .5708E-01
.5360E+03 .8236E-01 .5988E-01
.5370E+03 .7594E-01 .5582E-01
.5380E+03 .7939E-01 .5894E-01
.5390E+03 .7702E-01 .5776E-01
.5400E+03 .7384E-01 .5563E-01
.5410E+03 .7030E-01 .5256E-01
.5420E+03 .7595E-01 .5727E-01
.5430E+03 .7444E-01 .5783E-01
.5440E+03 .7635E-01 .5910E-01
.5450E+03 .7426E-01 .5832E-01
.5460E+03 .7294E-01 .5689E-01
.5470E+03 .7368E-01 .5874E-01
.5480E+03 .7131E-01 .5777E-01
.5490E+03 .7323E-01 .6018E-01
.5500E+03 .7228E-01 .6011E-01
.5510E+03 .7186E-01 .6051E-01
.5520E+03 .7297E-01 .6211E-01
.5530E+03 .7051E-01 .6051E-01
.5540E+03 .7147E-01 .6190E-01
.5550E+03 .7140E-01 .6232E-01
.5560E+03 .6972E-01 .6136E-01
.5570E+03 .6753E-01 .5994E-01
.5580E+03 .6841E-01 .6118E-01
.5590E+03 .6416E-01 .5783E-01
.5600E+03 .6475E-01 .5900E-01
.5610E+03 .6794E-01 .6253E-01
.5620E+03 .6412E-01 .5950E-01
.5630E+03 .6599E-01 .6166E-01
.5640E+03 .6423E-01 .6038E-01
.5650E+03 .6418E-01 .6071E-01
.5660E+03 .6029E-01 .5732E-01
.5670E+03 .6380E-01 .6080E-01
.5680E+03 .6257E-01 .5867E-01
.5690E+03 .6002E-01 .5392E-01
.5700E+03 .5998E-01 .5527E-01
.5710E+03 .5802E-01 .5528E-01
.5720E+03 .6059E-01 .5643E-01
.5730E+03 .6059E-01 .5680E-01
.5740E+03 .6006E-01 .5652E-01
.5750E+03 .5847E-01 .5484E-01
.5760E+03 .5790E-01 .5470E-01
.5770E+03 .5929E-01 .5647E-01
.5780E+03 .5749E-01 .5583E-01
.5790E+03 .5832E-01 .5794E-01
.5800E+03 .5927E-01 .6048E-01
.5810E+03 .5953E-01 .6206E-01
.5820E+03 .6038E-01 .6411E-01
.5830E+03 .6090E-01 .6580E-01
.5840E+03 .6062E-01 .6622E-01
.5850E+03 .5997E-01 .6608E-01
.5860E+03 .5825E-01 .6414E-01
.5870E+03 .5907E-01 .6380E-01
.5880E+03 .5646E-01 .5650E-01
.5890E+03 .4713E-01 .4252E-01
.5900E+03 .4994E-01 .4515E-01
.5910E+03 .5390E-01 .5177E-01
.5920E+03 .5210E-01 .4998E-01
.5930E+03 .5322E-01 .5463E-01
.5940E+03 .5234E-01 .5420E-01
.5950E+03 .5078E-01 .4991E-01
.5960E+03 .5315E-01 .5788E-01
.5970E+03 .5277E-01 .5728E-01
.5980E+03 .5201E-01 .5840E-01
.5990E+03 .5185E-01 .5996E-01
.6000E+03 .5243E-01 .6314E-01
.6010E+03 .5184E-01 .6455E-01
.6020E+03 .5092E-01 .6422E-01
.6030E+03 .5193E-01 .6636E-01
.6040E+03 .5276E-01 .6793E-01
.6050E+03 .5264E-01 .6843E-01
.6060E+03 .5236E-01 .6893E-01
.6070E+03 .5270E-01 .7020E-01
.6080E+03 .5257E-01 .7070E-01
.6090E+03 .5223E-01 .7073E-01
.6100E+03 .5206E-01 .7082E-01
.6110E+03 .5185E-01 .7094E-01
.6120E+03 .5268E-01 .7229E-01
.6130E+03 .5198E-01 .7154E-01
.6140E+03 .5043E-01 .6982E-01
.6150E+03 .5232E-01 .7295E-01
.6160E+03 .5096E-01 .7146E-01
.6170E+03 .5031E-01 .7086E-01
.6180E+03 .5221E-01 .7377E-01
.6190E+03 .5243E-01 .7431E-01
.6200E+03 .5239E-01 .7420E-01
.6210E+03 .5255E-01 .7385E-01
.6220E+03 .5054E-01 .6910E-01
.6230E+03 .5006E-01 .6665E-01
.6240E+03 .4985E-01 .6762E-01
.6250E+03 .4950E-01 .6868E-01
.6260E+03 .4935E-01 .6861E-01
.6270E+03 .5050E-01 .6866E-01
.6280E+03 .4715E-01 .5256E-01
.6290E+03 .4915E-01 .6299E-01
.6300E+03 .4864E-01 .6281E-01
.6310E+03 .4964E-01 .6892E-01
.6320E+03 .4751E-01 .6626E-01
.6330E+03 .5069E-01 .7343E-01
.6340E+03 .5001E-01 .7456E-01
.6350E+03 .5059E-01 .7619E-01
.6360E+03 .4947E-01 .7536E-01
.6370E+03 .5115E-01 .7841E-01
.6380E+03 .5160E-01 .8070E-01
.6390E+03 .5138E-01 .8112E-01
.6400E+03 .5034E-01 .8049E-01
.6410E+03 .5035E-01 .8113E-01
.6420E+03 .5048E-01 .8220E-01
.6430E+03 .5090E-01 .8267E-01
.6440E+03 .5069E-01 .8320E-01
.6450E+03 .5085E-01 .8254E-01
.6460E+03 .4879E-01 .7585E-01
.6470E+03 .4768E-01 .6928E-01
.6480E+03 .4689E-01 .6814E-01
.6490E+03 .4547E-01 .6584E-01
.6500E+03 .4669E-01 .7483E-01
.6510E+03 .4975E-01 .8083E-01
.6520E+03 .4624E-01 .6787E-01
.6530E+03 .4911E-01 .8078E-01
.6540E+03 .4860E-01 .7999E-01
.6550E+03 .4572E-01 .7331E-01
.6560E+03 .4037E-01 .6525E-01
.6570E+03 .4213E-01 .6857E-01
.6580E+03 .4741E-01 .8009E-01
.6590E+03 .4767E-01 .8069E-01
.6600E+03 .4796E-01 .8044E-01
.6610E+03 .4789E-01 .7923E-01
.6620E+03 .4751E-01 .7682E-01
.6630E+03 .4754E-01 .7841E-01
.6640E+03 .4801E-01 .8299E-01
.6650E+03 .4889E-01 .8711E-01
.6660E+03 .4887E-01 .8910E-01
.6670E+03 .4853E-01 .9005E-01
.6680E+03 .4871E-01 .9177E-01
.6690E+03 .4951E-01 .9395E-01
.6700E+03 .4878E-01 .9326E-01
.6710E+03 .4866E-01 .9354E-01
.6720E+03 .4794E-01 .9261E-01
.6730E+03 .4831E-01 .9383E-01
.6740E+03 .4820E-01 .9411E-01
.6750E+03 .4775E-01 .9370E-01
.6760E+03 .4825E-01 .9512E-01
.6770E+03 .4775E-01 .9451E-01
.6780E+03 .4794E-01 .9523E-01
.6790E+03 .4748E-01 .9472E-01
.6800E+03 .4747E-01 .9513E-01
.6810E+03 .4719E-01 .9492E-01
.6820E+03 .4731E-01 .9554E-01
.6830E+03 .4669E-01 .9462E-01
.6840E+03 .4627E-01 .9388E-01
.6850E+03 .4624E-01 .9462E-01
.6860E+03 .4509E-01 .9202E-01
.6870E+03 .3090E-01 .1816E-01
.6880E+03 .3648E-01 .3572E-01
.6890E+03 .3667E-01 .3654E-01
.6900E+03 .3860E-01 .4520E-01
.6910E+03 .4033E-01 .5592E-01
.6920E+03 .4110E-01 .6314E-01
.6930E+03 .3933E-01 .5833E-01
.6940E+03 .3812E-01 .5966E-01
.6950E+03 .3982E-01 .6976E-01
.6960E+03 .3969E-01 .7007E-01
.6970E+03 .4346E-01 .8601E-01
.6980E+03 .4264E-01 .8411E-01
.6990E+03 .4053E-01 .7334E-01
.7000E+03 .4007E-01 .7275E-01
Wvlgth Difuse_horizn_irradiance Direct_horizn_irradiance
.3500E+03 .7343E-01 .2987E-02
.3510E+03 .7639E-01 .3228E-02
.3520E+03 .7143E-01 .3139E-02
.3530E+03 .7145E-01 .3277E-02
.3540E+03 .8273E-01 .3923E-02
.3550E+03 .8324E-01 .4101E-02
.3560E+03 .7514E-01 .3861E-02
.3570E+03 .6168E-01 .3276E-02
.3580E+03 .5785E-01 .3178E-02
.3590E+03 .6289E-01 .3572E-02
.3600E+03 .7976E-01 .4681E-02
.3610E+03 .6912E-01 .4203E-02
.3620E+03 .7075E-01 .4491E-02
.3630E+03 .7943E-01 .5250E-02
.3640E+03 .7970E-01 .5468E-02
.3650E+03 .8164E-01 .5788E-02
.3660E+03 .9591E-01 .7038E-02
.3670E+03 .9394E-01 .7121E-02
.3680E+03 .8641E-01 .6747E-02
.3690E+03 .8938E-01 .7219E-02
.3700E+03 .9702E-01 .8102E-02
.3710E+03 .8877E-01 .7658E-02
.3720E+03 .8601E-01 .7634E-02
.3730E+03 .7863E-01 .7202E-02
.3740E+03 .7043E-01 .6649E-02
.3750E+03 .7433E-01 .7227E-02
.3760E+03 .8479E-01 .8463E-02
.3770E+03 .8916E-01 .9151E-02
.3780E+03 .1068E+00 .1125E-01
.3790E+03 .9246E-01 .9982E-02
.3800E+03 .8679E-01 .9598E-02
.3810E+03 .9431E-01 .1075E-01
.3820E+03 .7223E-01 .8489E-02
.3830E+03 .5584E-01 .6762E-02
.3840E+03 .6233E-01 .7750E-02
.3850E+03 .8208E-01 .1048E-01
.3860E+03 .7543E-01 .9901E-02
.3870E+03 .7887E-01 .1063E-01
.3880E+03 .7672E-01 .1060E-01
.3890E+03 .8243E-01 .1167E-01
.3900E+03 .9553E-01 .1387E-01
.3910E+03 .1017E+00 .1514E-01
.3920E+03 .9465E-01 .1441E-01
.3930E+03 .5694E-01 .8891E-02
.3940E+03 .5863E-01 .9374E-02
.3950E+03 .9521E-01 .1557E-01
.3960E+03 .8887E-01 .1485E-01
.3970E+03 .4991E-01 .8550E-02
.3980E+03 .9949E-01 .1738E-01
.3990E+03 .1244E+00 .2227E-01
.4000E+03 .1291E+00 .2357E-01
.4010E+03 .1317E+00 .2502E-01
.4020E+03 .1365E+00 .2653E-01
.4030E+03 .1311E+00 .2603E-01
.4040E+03 .1328E+00 .2689E-01
.4050E+03 .1291E+00 .2665E-01
.4060E+03 .1255E+00 .2649E-01
.4070E+03 .1229E+00 .2651E-01
.4080E+03 .1278E+00 .2805E-01
.4090E+03 .1360E+00 .3045E-01
.4100E+03 .1156E+00 .2639E-01
.4110E+03 .1290E+00 .3003E-01
.4120E+03 .1367E+00 .3249E-01
.4130E+03 .1307E+00 .3156E-01
.4140E+03 .1289E+00 .3174E-01
.4150E+03 .1330E+00 .3340E-01
.4160E+03 .1365E+00 .3499E-01
.4170E+03 .1326E+00 .3461E-01
.4180E+03 .1265E+00 .3357E-01
.4190E+03 .1312E+00 .3545E-01
.4200E+03 .1199E+00 .3292E-01
.4210E+03 .1357E+00 .3794E-01
.4220E+03 .1333E+00 .3794E-01
.4230E+03 .1286E+00 .3726E-01
.4240E+03 .1273E+00 .3751E-01
.4250E+03 .1308E+00 .3924E-01
.4260E+03 .1267E+00 .3875E-01
.4270E+03 .1220E+00 .3788E-01
.4280E+03 .1228E+00 .3867E-01
.4290E+03 .1134E+00 .3639E-01
.4300E+03 .9019E-01 .2940E-01
.4310E+03 .8155E-01 .2694E-01
.4320E+03 .1351E+00 .4551E-01
.4330E+03 .1253E+00 .4287E-01
.4340E+03 .1153E+00 .4000E-01
.4350E+03 .1261E+00 .4429E-01
.4360E+03 .1379E+00 .4929E-01
.4370E+03 .1402E+00 .5103E-01
.4380E+03 .1225E+00 .4536E-01
.4390E+03 .1172E+00 .4383E-01
.4400E+03 .1338E+00 .5090E-01
.4410E+03 .1313E+00 .5092E-01
.4420E+03 .1399E+00 .5501E-01
.4430E+03 .1411E+00 .5584E-01
.4440E+03 .1373E+00 .5529E-01
.4450E+03 .1421E+00 .5771E-01
.4460E+03 .1271E+00 .5247E-01
.4470E+03 .1443E+00 .6060E-01
.4480E+03 .1454E+00 .6168E-01
.4490E+03 .1444E+00 .6253E-01
.4500E+03 .1490E+00 .6558E-01
.4510E+03 .1539E+00 .6866E-01
.4520E+03 .1469E+00 .6636E-01
.4530E+03 .1352E+00 .6187E-01
.4540E+03 .1446E+00 .6711E-01
.4550E+03 .1428E+00 .6718E-01
.4560E+03 .1468E+00 .7005E-01
.4570E+03 .1472E+00 .7125E-01
.4580E+03 .1431E+00 .7011E-01
.4590E+03 .1411E+00 .7023E-01
.4600E+03 .1393E+00 .7025E-01
.4610E+03 .1434E+00 .7335E-01
.4620E+03 .1442E+00 .7480E-01
.4630E+03 .1444E+00 .7544E-01
.4640E+03 .1398E+00 .7393E-01
.4650E+03 .1379E+00 .7384E-01
.4660E+03 .1404E+00 .7615E-01
.4670E+03 .1336E+00 .7304E-01
.4680E+03 .1386E+00 .7678E-01
.4690E+03 .1384E+00 .7762E-01
.4700E+03 .1324E+00 .7490E-01
.4710E+03 .1341E+00 .7677E-01
.4720E+03 .1406E+00 .8115E-01
.4730E+03 .1347E+00 .7843E-01
.4740E+03 .1356E+00 .7952E-01
.4750E+03 .1392E+00 .8229E-01
.4760E+03 .1335E+00 .7948E-01
.4770E+03 .1333E+00 .8018E-01
.4780E+03 .1366E+00 .8357E-01
.4790E+03 .1329E+00 .8290E-01
.4800E+03 .1341E+00 .8523E-01
.4810E+03 .1332E+00 .8628E-01
.4820E+03 .1330E+00 .8759E-01
.4830E+03 .1310E+00 .8749E-01
.4840E+03 .1283E+00 .8646E-01
.4850E+03 .1277E+00 .8665E-01
.4860E+03 .1034E+00 .7085E-01
.4870E+03 .1155E+00 .8003E-01
.4880E+03 .1245E+00 .8700E-01
.4890E+03 .1167E+00 .8222E-01
.4900E+03 .1297E+00 .9268E-01
.4910E+03 .1240E+00 .8984E-01
.4920E+03 .1177E+00 .8616E-01
.4930E+03 .1253E+00 .9266E-01
.4940E+03 .1219E+00 .9091E-01
.4950E+03 .1288E+00 .9705E-01
.4960E+03 .1219E+00 .9270E-01
.4970E+03 .1231E+00 .9481E-01
.4980E+03 .1188E+00 .9272E-01
.4990E+03 .1178E+00 .9309E-01
.5000E+03 .1163E+00 .9300E-01
.5010E+03 .1117E+00 .9033E-01
.5020E+03 .1103E+00 .8979E-01
.5030E+03 .1141E+00 .9329E-01
.5040E+03 .1043E+00 .8288E-01
.5050E+03 .1123E+00 .9375E-01
.5060E+03 .1161E+00 .9734E-01
.5070E+03 .1106E+00 .9333E-01
.5080E+03 .1078E+00 .9224E-01
.5090E+03 .1129E+00 .9783E-01
.5100E+03 .1099E+00 .9631E-01
.5110E+03 .1117E+00 .9938E-01
.5120E+03 .1143E+00 .1029E+00
.5130E+03 .1068E+00 .9734E-01
.5140E+03 .1040E+00 .9594E-01
.5150E+03 .1063E+00 .9916E-01
.5160E+03 .1066E+00 .1005E+00
.5170E+03 .8636E-01 .8231E-01
.5180E+03 .9821E-01 .9449E-01
.5190E+03 .9462E-01 .9187E-01
.5200E+03 .1026E+00 .1006E+00
.5210E+03 .1027E+00 .1016E+00
.5220E+03 .1042E+00 .1042E+00
.5230E+03 .9753E-01 .9852E-01
.5240E+03 .1039E+00 .1059E+00
.5250E+03 .1021E+00 .1050E+00
.5260E+03 .9843E-01 .1025E+00
.5270E+03 .8522E-01 .8950E-01
.5280E+03 .9668E-01 .1027E+00
.5290E+03 .1003E+00 .1074E+00
.5300E+03 .9562E-01 .1035E+00
.5310E+03 .1001E+00 .1095E+00
.5320E+03 .9760E-01 .1079E+00
.5330E+03 .8666E-01 .9674E-01
.5340E+03 .9239E-01 .1041E+00
.5350E+03 .9343E-01 .1063E+00
.5360E+03 .9706E-01 .1113E+00
.5370E+03 .8946E-01 .1036E+00
.5380E+03 .9349E-01 .1092E+00
.5390E+03 .9067E-01 .1069E+00
.5400E+03 .8692E-01 .1030E+00
.5410E+03 .8274E-01 .9772E-01
.5420E+03 .8939E-01 .1064E+00
.5430E+03 .8761E-01 .1068E+00
.5440E+03 .8985E-01 .1094E+00
.5450E+03 .8738E-01 .1077E+00
.5460E+03 .8581E-01 .1055E+00
.5470E+03 .8667E-01 .1084E+00
.5480E+03 .8386E-01 .1062E+00
.5490E+03 .8609E-01 .1104E+00
.5500E+03 .8497E-01 .1101E+00
.5510E+03 .8445E-01 .1106E+00
.5520E+03 .8574E-01 .1133E+00
.5530E+03 .8284E-01 .1103E+00
.5540E+03 .8396E-01 .1128E+00
.5550E+03 .8388E-01 .1135E+00
.5560E+03 .8190E-01 .1117E+00
.5570E+03 .7932E-01 .1090E+00
.5580E+03 .8037E-01 .1113E+00
.5590E+03 .7539E-01 .1052E+00
.5600E+03 .7610E-01 .1073E+00
.5610E+03 .7986E-01 .1137E+00
.5620E+03 .7538E-01 .1082E+00
.5630E+03 .7759E-01 .1122E+00
.5640E+03 .7552E-01 .1099E+00
.5650E+03 .7547E-01 .1105E+00
.5660E+03 .7090E-01 .1044E+00
.5670E+03 .7502E-01 .1109E+00
.5680E+03 .7357E-01 .1077E+00
.5690E+03 .7057E-01 .1003E+00
.5700E+03 .7052E-01 .1023E+00
.5710E+03 .6822E-01 .1016E+00
.5720E+03 .7123E-01 .1045E+00
.5730E+03 .7122E-01 .1052E+00
.5740E+03 .7058E-01 .1047E+00
.5750E+03 .6869E-01 .1018E+00
.5760E+03 .6800E-01 .1014E+00
.5770E+03 .6960E-01 .1046E+00
.5780E+03 .6745E-01 .1028E+00
.5790E+03 .6840E-01 .1061E+00
.5800E+03 .6948E-01 .1099E+00
.5810E+03 .6974E-01 .1121E+00
.5820E+03 .7070E-01 .1152E+00
.5830E+03 .7128E-01 .1178E+00
.5840E+03 .7092E-01 .1182E+00
.5850E+03 .7014E-01 .1178E+00
.5860E+03 .6810E-01 .1144E+00
.5870E+03 .6904E-01 .1146E+00
.5880E+03 .6597E-01 .1037E+00
.5890E+03 .5506E-01 .7995E-01
.5900E+03 .5834E-01 .8512E-01
.5910E+03 .6296E-01 .9640E-01
.5920E+03 .6086E-01 .9295E-01
.5930E+03 .6217E-01 .1000E+00
.5940E+03 .6116E-01 .9906E-01
.5950E+03 .5934E-01 .9267E-01
.5960E+03 .6213E-01 .1050E+00
.5970E+03 .6169E-01 .1042E+00
.5980E+03 .6081E-01 .1056E+00
.5990E+03 .6064E-01 .1078E+00
.6000E+03 .6132E-01 .1125E+00
.6010E+03 .6063E-01 .1141E+00
.6020E+03 .5954E-01 .1132E+00
.6030E+03 .6070E-01 .1166E+00
.6040E+03 .6166E-01 .1192E+00
.6050E+03 .6149E-01 .1198E+00
.6060E+03 .6114E-01 .1203E+00
.6070E+03 .6150E-01 .1221E+00
.6080E+03 .6131E-01 .1227E+00
.6090E+03 .6086E-01 .1225E+00
.6100E+03 .6062E-01 .1224E+00
.6110E+03 .6034E-01 .1224E+00
.6120E+03 .6127E-01 .1246E+00
.6130E+03 .6041E-01 .1232E+00
.6140E+03 .5858E-01 .1200E+00
.6150E+03 .6074E-01 .1252E+00
.6160E+03 .5912E-01 .1224E+00
.6170E+03 .5834E-01 .1212E+00
.6180E+03 .6051E-01 .1261E+00
.6190E+03 .6073E-01 .1270E+00
.6200E+03 .6066E-01 .1268E+00
.6210E+03 .6082E-01 .1265E+00
.6220E+03 .5847E-01 .1193E+00
.6230E+03 .5788E-01 .1159E+00
.6240E+03 .5762E-01 .1171E+00
.6250E+03 .5719E-01 .1183E+00
.6260E+03 .5699E-01 .1181E+00
.6270E+03 .5829E-01 .1191E+00
.6280E+03 .5441E-01 .9666E-01
.6290E+03 .5669E-01 .1112E+00
.6300E+03 .5607E-01 .1107E+00
.6310E+03 .5720E-01 .1190E+00
.6320E+03 .5472E-01 .1142E+00
.6330E+03 .5835E-01 .1253E+00
.6340E+03 .5755E-01 .1262E+00
.6350E+03 .5819E-01 .1286E+00
.6360E+03 .5687E-01 .1268E+00
.6370E+03 .5877E-01 .1317E+00
.6380E+03 .5926E-01 .1348E+00
.6390E+03 .5898E-01 .1351E+00
.6400E+03 .5775E-01 .1336E+00
.6410E+03 .5774E-01 .1344E+00
.6420E+03 .5785E-01 .1358E+00
.6430E+03 .5831E-01 .1366E+00
.6440E+03 .5805E-01 .1371E+00
.6450E+03 .5820E-01 .1365E+00
.6460E+03 .5582E-01 .1270E+00
.6470E+03 .5453E-01 .1179E+00
.6480E+03 .5361E-01 .1159E+00
.6490E+03 .5196E-01 .1122E+00
.6500E+03 .5333E-01 .1242E+00
.6510E+03 .5681E-01 .1338E+00
.6520E+03 .5278E-01 .1152E+00
.6530E+03 .5604E-01 .1332E+00
.6540E+03 .5543E-01 .1321E+00
.6550E+03 .5212E-01 .1216E+00
.6560E+03 .4602E-01 .1083E+00
.6570E+03 .4800E-01 .1136E+00
.6580E+03 .5399E-01 .1313E+00
.6590E+03 .5427E-01 .1323E+00
.6600E+03 .5458E-01 .1323E+00
.6610E+03 .5448E-01 .1308E+00
.6620E+03 .5403E-01 .1275E+00
.6630E+03 .5404E-01 .1296E+00
.6640E+03 .5456E-01 .1355E+00
.6650E+03 .5554E-01 .1411E+00
.6660E+03 .5549E-01 .1434E+00
.6670E+03 .5508E-01 .1443E+00
.6680E+03 .5527E-01 .1465E+00
.6690E+03 .5616E-01 .1497E+00
.6700E+03 .5531E-01 .1484E+00
.6710E+03 .5515E-01 .1486E+00
.6720E+03 .5431E-01 .1470E+00
.6730E+03 .5472E-01 .1487E+00
.6740E+03 .5456E-01 .1490E+00
.6750E+03 .5405E-01 .1482E+00
.6760E+03 .5459E-01 .1503E+00
.6770E+03 .5401E-01 .1492E+00
.6780E+03 .5421E-01 .1502E+00
.6790E+03 .5366E-01 .1493E+00
.6800E+03 .5364E-01 .1498E+00
.6810E+03 .5331E-01 .1494E+00
.6820E+03 .5343E-01 .1503E+00
.6830E+03 .5272E-01 .1488E+00
.6840E+03 .5224E-01 .1477E+00
.6850E+03 .5219E-01 .1486E+00
.6860E+03 .5088E-01 .1447E+00
.6870E+03 .3486E-01 .4148E-01
.6880E+03 .4114E-01 .7004E-01
.6890E+03 .4134E-01 .7130E-01
.6900E+03 .4350E-01 .8410E-01
.6910E+03 .4544E-01 .9892E-01
.6920E+03 .4629E-01 .1083E+00
.6930E+03 .4428E-01 .1000E+00
.6940E+03 .4291E-01 .1005E+00
.6950E+03 .4482E-01 .1143E+00
.6960E+03 .4466E-01 .1148E+00
.6970E+03 .4889E-01 .1369E+00
.6980E+03 .4794E-01 .1341E+00
.6990E+03 .4556E-01 .1195E+00
.7000E+03 .4504E-01 .1183E+00
Wvlgth Difuse_horizn_irradiance Direct_horizn_irradiance
.3500E+03 .8745E-01 .6835E-02
.3510E+03 .9099E-01 .7342E-02
.3520E+03 .8508E-01 .7096E-02
.3530E+03 .8498E-01 .7354E-02
.3540E+03 .9829E-01 .8757E-02
.3550E+03 .9887E-01 .9098E-02
.3560E+03 .8919E-01 .8504E-02
.3570E+03 .7318E-01 .7179E-02
.3580E+03 .6859E-01 .6927E-02
.3590E+03 .7454E-01 .7745E-02
.3600E+03 .9450E-01 .1010E-01
.3610E+03 .8183E-01 .9013E-02
.3620E+03 .8371E-01 .9558E-02
.3630E+03 .9393E-01 .1110E-01
.3640E+03 .9420E-01 .1148E-01
.3650E+03 .9644E-01 .1209E-01
.3660E+03 .1132E+00 .1462E-01
.3670E+03 .1108E+00 .1471E-01
.3680E+03 .1019E+00 .1388E-01
.3690E+03 .1054E+00 .1476E-01
.3700E+03 .1143E+00 .1648E-01
.3710E+03 .1045E+00 .1549E-01
.3720E+03 .1012E+00 .1537E-01
.3730E+03 .9247E-01 .1443E-01
.3740E+03 .8278E-01 .1325E-01
.3750E+03 .8731E-01 .1434E-01
.3760E+03 .9953E-01 .1672E-01
.3770E+03 .1046E+00 .1800E-01
.3780E+03 .1252E+00 .2204E-01
.3790E+03 .1083E+00 .1948E-01
.3800E+03 .1016E+00 .1867E-01
.3810E+03 .1104E+00 .2080E-01
.3820E+03 .8449E-01 .1634E-01
.3830E+03 .6527E-01 .1295E-01
.3840E+03 .7282E-01 .1478E-01
.3850E+03 .9584E-01 .1990E-01
.3860E+03 .8802E-01 .1871E-01
.3870E+03 .9197E-01 .2000E-01
.3880E+03 .8941E-01 .1986E-01
.3890E+03 .9600E-01 .2180E-01
.3900E+03 .1112E+00 .2580E-01
.3910E+03 .1183E+00 .2804E-01
.3920E+03 .1100E+00 .2659E-01
.3930E+03 .6615E-01 .1634E-01
.3940E+03 .6807E-01 .1717E-01
.3950E+03 .1105E+00 .2842E-01
.3960E+03 .1031E+00 .2701E-01
.3970E+03 .5784E-01 .1549E-01
.3980E+03 .1152E+00 .3139E-01
.3990E+03 .1440E+00 .4006E-01
.4000E+03 .1494E+00 .4227E-01
.4010E+03 .1522E+00 .4471E-01
.4020E+03 .1576E+00 .4723E-01
.4030E+03 .1512E+00 .4619E-01
.4040E+03 .1531E+00 .4757E-01
.4050E+03 .1488E+00 .4700E-01
.4060E+03 .1446E+00 .4656E-01
.4070E+03 .1414E+00 .4643E-01
.4080E+03 .1470E+00 .4901E-01
.4090E+03 .1564E+00 .5304E-01
.4100E+03 .1328E+00 .4582E-01
.4110E+03 .1481E+00 .5198E-01
.4120E+03 .1569E+00 .5606E-01
.4130E+03 .1499E+00 .5432E-01
.4140E+03 .1477E+00 .5447E-01
.4150E+03 .1523E+00 .5713E-01
.4160E+03 .1563E+00 .5967E-01
.4170E+03 .1518E+00 .5886E-01
.4180E+03 .1446E+00 .5695E-01
.4190E+03 .1500E+00 .5998E-01
.4200E+03 .1369E+00 .5556E-01
.4210E+03 .1549E+00 .6386E-01
.4220E+03 .1521E+00 .6369E-01
.4230E+03 .1466E+00 .6238E-01
.4240E+03 .1452E+00 .6267E-01
.4250E+03 .1490E+00 .6537E-01
.4260E+03 .1442E+00 .6435E-01
.4270E+03 .1388E+00 .6277E-01
.4280E+03 .1397E+00 .6395E-01
.4290E+03 .1289E+00 .6000E-01
.4300E+03 .1024E+00 .4836E-01
.4310E+03 .9258E-01 .4424E-01
.4320E+03 .1533E+00 .7450E-01
.4330E+03 .1421E+00 .7002E-01
.4340E+03 .1307E+00 .6522E-01
.4350E+03 .1428E+00 .7209E-01
.4360E+03 .1561E+00 .8000E-01
.4370E+03 .1587E+00 .8261E-01
.4380E+03 .1386E+00 .7325E-01
.4390E+03 .1325E+00 .7072E-01
.4400E+03 .1512E+00 .8194E-01
.4410E+03 .1484E+00 .8174E-01
.4420E+03 .1580E+00 .8816E-01
.4430E+03 .1592E+00 .8947E-01
.4440E+03 .1548E+00 .8833E-01
.4450E+03 .1602E+00 .9211E-01
.4460E+03 .1432E+00 .8351E-01
.4470E+03 .1625E+00 .9617E-01
.4480E+03 .1636E+00 .9779E-01
.4490E+03 .1625E+00 .9883E-01
.4500E+03 .1676E+00 .1034E+00
.4510E+03 .1731E+00 .1081E+00
.4520E+03 .1651E+00 .1043E+00
.4530E+03 .1519E+00 .9705E-01
.4540E+03 .1623E+00 .1050E+00
.4550E+03 .1603E+00 .1050E+00
.4560E+03 .1647E+00 .1093E+00
.4570E+03 .1651E+00 .1110E+00
.4580E+03 .1605E+00 .1091E+00
.4590E+03 .1581E+00 .1091E+00
.4600E+03 .1561E+00 .1090E+00
.4610E+03 .1607E+00 .1136E+00
.4620E+03 .1615E+00 .1156E+00
.4630E+03 .1616E+00 .1165E+00
.4640E+03 .1563E+00 .1139E+00
.4650E+03 .1541E+00 .1135E+00
.4660E+03 .1569E+00 .1169E+00
.4670E+03 .1491E+00 .1120E+00
.4680E+03 .1547E+00 .1176E+00
.4690E+03 .1545E+00 .1187E+00
.4700E+03 .1477E+00 .1145E+00
.4710E+03 .1496E+00 .1172E+00
.4720E+03 .1567E+00 .1238E+00
.4730E+03 .1500E+00 .1195E+00
.4740E+03 .1510E+00 .1211E+00
.4750E+03 .1551E+00 .1253E+00
.4760E+03 .1487E+00 .1211E+00
.4770E+03 .1484E+00 .1221E+00
.4780E+03 .1521E+00 .1270E+00
.4790E+03 .1480E+00 .1257E+00
.4800E+03 .1493E+00 .1289E+00
.4810E+03 .1482E+00 .1302E+00
.4820E+03 .1480E+00 .1319E+00
.4830E+03 .1457E+00 .1314E+00
.4840E+03 .1426E+00 .1297E+00
.4850E+03 .1419E+00 .1298E+00
.4860E+03 .1148E+00 .1060E+00
.4870E+03 .1282E+00 .1195E+00
.4880E+03 .1382E+00 .1298E+00
.4890E+03 .1294E+00 .1226E+00
.4900E+03 .1438E+00 .1380E+00
.4910E+03 .1375E+00 .1335E+00
.4920E+03 .1304E+00 .1279E+00
.4930E+03 .1389E+00 .1374E+00
.4940E+03 .1350E+00 .1347E+00
.4950E+03 .1427E+00 .1436E+00
.4960E+03 .1349E+00 .1371E+00
.4970E+03 .1363E+00 .1401E+00
.4980E+03 .1316E+00 .1368E+00
.4990E+03 .1304E+00 .1373E+00
.5000E+03 .1288E+00 .1371E+00
.5010E+03 .1237E+00 .1331E+00
.5020E+03 .1222E+00 .1324E+00
.5030E+03 .1264E+00 .1378E+00
.5040E+03 .1156E+00 .1234E+00
.5050E+03 .1244E+00 .1383E+00
.5060E+03 .1285E+00 .1436E+00
.5070E+03 .1224E+00 .1376E+00
.5080E+03 .1191E+00 .1357E+00
.5090E+03 .1247E+00 .1436E+00
.5100E+03 .1212E+00 .1411E+00
.5110E+03 .1232E+00 .1452E+00
.5120E+03 .1259E+00 .1501E+00
.5130E+03 .1176E+00 .1418E+00
.5140E+03 .1144E+00 .1396E+00
.5150E+03 .1170E+00 .1441E+00
.5160E+03 .1173E+00 .1459E+00
.5170E+03 .9502E-01 .1194E+00
.5180E+03 .1080E+00 .1370E+00
.5190E+03 .1041E+00 .1331E+00
.5200E+03 .1129E+00 .1457E+00
.5210E+03 .1129E+00 .1471E+00
.5220E+03 .1146E+00 .1507E+00
.5230E+03 .1073E+00 .1425E+00
.5240E+03 .1143E+00 .1531E+00
.5250E+03 .1124E+00 .1518E+00
.5260E+03 .1083E+00 .1482E+00
.5270E+03 .9383E-01 .1294E+00
.5280E+03 .1065E+00 .1484E+00
.5290E+03 .1105E+00 .1552E+00
.5300E+03 .1053E+00 .1495E+00
.5310E+03 .1102E+00 .1581E+00
.5320E+03 .1075E+00 .1557E+00
.5330E+03 .9547E-01 .1395E+00
.5340E+03 .1018E+00 .1500E+00
.5350E+03 .1029E+00 .1529E+00
.5360E+03 .1069E+00 .1600E+00
.5370E+03 .9847E-01 .1487E+00
.5380E+03 .1029E+00 .1567E+00
.5390E+03 .9978E-01 .1532E+00
.5400E+03 .9565E-01 .1477E+00
.5410E+03 .9105E-01 .1405E+00
.5420E+03 .9838E-01 .1530E+00
.5430E+03 .9642E-01 .1529E+00
.5440E+03 .9890E-01 .1570E+00
.5450E+03 .9617E-01 .1544E+00
.5460E+03 .9444E-01 .1515E+00
.5470E+03 .9539E-01 .1553E+00
.5480E+03 .9228E-01 .1519E+00
.5490E+03 .9473E-01 .1576E+00
.5500E+03 .9349E-01 .1570E+00
.5510E+03 .9292E-01 .1576E+00
.5520E+03 .9433E-01 .1614E+00
.5530E+03 .9113E-01 .1570E+00
.5540E+03 .9237E-01 .1604E+00
.5550E+03 .9228E-01 .1614E+00
.5560E+03 .9011E-01 .1588E+00
.5570E+03 .8728E-01 .1551E+00
.5580E+03 .8845E-01 .1583E+00
.5590E+03 .8299E-01 .1497E+00
.5600E+03 .8379E-01 .1526E+00
.5610E+03 .8795E-01 .1616E+00
.5620E+03 .8304E-01 .1538E+00
.5630E+03 .8549E-01 .1595E+00
.5640E+03 .8322E-01 .1563E+00
.5650E+03 .8317E-01 .1572E+00
.5660E+03 .7813E-01 .1486E+00
.5670E+03 .8268E-01 .1579E+00
.5680E+03 .8109E-01 .1540E+00
.5690E+03 .7779E-01 .1445E+00
.5700E+03 .7774E-01 .1470E+00
.5710E+03 .7521E-01 .1453E+00
.5720E+03 .7853E-01 .1502E+00
.5730E+03 .7851E-01 .1511E+00
.5740E+03 .7780E-01 .1505E+00
.5750E+03 .7570E-01 .1465E+00
.5760E+03 .7492E-01 .1458E+00
.5770E+03 .7666E-01 .1502E+00
.5780E+03 .7428E-01 .1473E+00
.5790E+03 .7529E-01 .1514E+00
.5800E+03 .7646E-01 .1563E+00
.5810E+03 .7672E-01 .1589E+00
.5820E+03 .7775E-01 .1629E+00
.5830E+03 .7837E-01 .1661E+00
.5840E+03 .7795E-01 .1665E+00
.5850E+03 .7707E-01 .1657E+00
.5860E+03 .7482E-01 .1611E+00
.5870E+03 .7584E-01 .1619E+00
.5880E+03 .7246E-01 .1483E+00
.5890E+03 .6047E-01 .1161E+00
.5900E+03 .6407E-01 .1238E+00
.5910E+03 .6914E-01 .1391E+00
.5920E+03 .6684E-01 .1341E+00
.5930E+03 .6829E-01 .1431E+00
.5940E+03 .6719E-01 .1416E+00
.5950E+03 .6520E-01 .1337E+00
.5960E+03 .6828E-01 .1494E+00
.5970E+03 .6782E-01 .1484E+00
.5980E+03 .6686E-01 .1499E+00
.5990E+03 .6669E-01 .1525E+00
.6000E+03 .6744E-01 .1583E+00
.6010E+03 .6668E-01 .1599E+00
.6020E+03 .6548E-01 .1584E+00
.6030E+03 .6675E-01 .1630E+00
.6040E+03 .6779E-01 .1665E+00
.6050E+03 .6758E-01 .1671E+00
.6060E+03 .6717E-01 .1675E+00
.6070E+03 .6754E-01 .1697E+00
.6080E+03 .6730E-01 .1702E+00
.6090E+03 .6678E-01 .1697E+00
.6100E+03 .6649E-01 .1695E+00
.6110E+03 .6615E-01 .1693E+00
.6120E+03 .6713E-01 .1723E+00
.6130E+03 .6617E-01 .1702E+00
.6140E+03 .6413E-01 .1657E+00
.6150E+03 .6646E-01 .1725E+00
.6160E+03 .6467E-01 .1686E+00
.6170E+03 .6379E-01 .1669E+00
.6180E+03 .6614E-01 .1735E+00
.6190E+03 .6636E-01 .1746E+00
.6200E+03 .6626E-01 .1745E+00
.6210E+03 .6641E-01 .1743E+00
.6220E+03 .6383E-01 .1651E+00
.6230E+03 .6317E-01 .1611E+00
.6240E+03 .6287E-01 .1623E+00
.6250E+03 .6238E-01 .1634E+00
.6260E+03 .6214E-01 .1632E+00
.6270E+03 .6355E-01 .1651E+00
.6280E+03 .5930E-01 .1384E+00
.6290E+03 .6176E-01 .1557E+00
.6300E+03 .6107E-01 .1548E+00
.6310E+03 .6228E-01 .1646E+00
.6320E+03 .5956E-01 .1579E+00
.6330E+03 .6349E-01 .1722E+00
.6340E+03 .6260E-01 .1727E+00
.6350E+03 .6327E-01 .1756E+00
.6360E+03 .6182E-01 .1729E+00
.6370E+03 .6386E-01 .1794E+00
.6380E+03 .6437E-01 .1830E+00
.6390E+03 .6404E-01 .1833E+00
.6400E+03 .6269E-01 .1808E+00
.6410E+03 .6265E-01 .1817E+00
.6420E+03 .6276E-01 .1832E+00
.6430E+03 .6323E-01 .1845E+00
.6440E+03 .6292E-01 .1849E+00
.6450E+03 .6307E-01 .1844E+00
.6460E+03 .6048E-01 .1727E+00
.6470E+03 .5906E-01 .1620E+00
.6480E+03 .5804E-01 .1592E+00
.6490E+03 .5624E-01 .1543E+00
.6500E+03 .5772E-01 .1682E+00
.6510E+03 .6146E-01 .1808E+00
.6520E+03 .5709E-01 .1580E+00
.6530E+03 .6060E-01 .1797E+00
.6540E+03 .5992E-01 .1783E+00
.6550E+03 .5634E-01 .1647E+00
.6560E+03 .4972E-01 .1467E+00
.6570E+03 .5185E-01 .1536E+00
.6580E+03 .5831E-01 .1766E+00
.6590E+03 .5860E-01 .1780E+00
.6600E+03 .5892E-01 .1782E+00
.6610E+03 .5879E-01 .1766E+00
.6620E+03 .5830E-01 .1728E+00
.6630E+03 .5829E-01 .1751E+00
.6640E+03 .5884E-01 .1818E+00
.6650E+03 .5987E-01 .1884E+00
.6660E+03 .5981E-01 .1909E+00
.6670E+03 .5935E-01 .1916E+00
.6680E+03 .5953E-01 .1940E+00
.6690E+03 .6047E-01 .1981E+00
.6700E+03 .5955E-01 .1961E+00
.6710E+03 .5936E-01 .1963E+00
.6720E+03 .5844E-01 .1940E+00
.6730E+03 .5887E-01 .1962E+00
.6740E+03 .5869E-01 .1964E+00
.6750E+03 .5812E-01 .1953E+00
.6760E+03 .5869E-01 .1979E+00
.6770E+03 .5805E-01 .1964E+00
.6780E+03 .5825E-01 .1977E+00
.6790E+03 .5765E-01 .1964E+00
.6800E+03 .5762E-01 .1970E+00
.6810E+03 .5725E-01 .1964E+00
.6820E+03 .5738E-01 .1976E+00
.6830E+03 .5661E-01 .1956E+00
.6840E+03 .5607E-01 .1941E+00
.6850E+03 .5602E-01 .1951E+00
.6860E+03 .5460E-01 .1901E+00
.6870E+03 .3740E-01 .6654E-01
.6880E+03 .4413E-01 .1036E+00
.6890E+03 .4433E-01 .1051E+00
.6900E+03 .4664E-01 .1209E+00
.6910E+03 .4871E-01 .1384E+00
.6920E+03 .4962E-01 .1490E+00
.6930E+03 .4746E-01 .1381E+00
.6940E+03 .4598E-01 .1374E+00
.6950E+03 .4801E-01 .1538E+00
.6960E+03 .4783E-01 .1543E+00
.6970E+03 .5235E-01 .1810E+00
.6980E+03 .5133E-01 .1774E+00
.6990E+03 .4877E-01 .1602E+00
.7000E+03 .4820E-01 .1584E+00
Wvlgth Difuse_horizn_irradiance Direct_horizn_irradiance
.3500E+03 .9770E-01 .1107E-01
.3510E+03 .1017E+00 .1186E-01
.3520E+03 .9506E-01 .1142E-01
.3530E+03 .9484E-01 .1178E-01
.3540E+03 .1096E+00 .1399E-01
.3550E+03 .1102E+00 .1448E-01
.3560E+03 .9938E-01 .1348E-01
.3570E+03 .8152E-01 .1135E-01
.3580E+03 .7637E-01 .1092E-01
.3590E+03 .8296E-01 .1217E-01
.3600E+03 .1052E+00 .1583E-01
.3610E+03 .9100E-01 .1408E-01
.3620E+03 .9304E-01 .1486E-01
.3630E+03 .1044E+00 .1719E-01
.3640E+03 .1046E+00 .1772E-01
.3650E+03 .1071E+00 .1861E-01
.3660E+03 .1257E+00 .2242E-01
.3670E+03 .1229E+00 .2250E-01
.3680E+03 .1130E+00 .2116E-01
.3690E+03 .1168E+00 .2244E-01
.3700E+03 .1266E+00 .2497E-01
.3710E+03 .1157E+00 .2340E-01
.3720E+03 .1120E+00 .2317E-01
.3730E+03 .1023E+00 .2168E-01
.3740E+03 .9154E-01 .1986E-01
.3750E+03 .9650E-01 .2143E-01
.3760E+03 .1100E+00 .2493E-01
.3770E+03 .1155E+00 .2677E-01
.3780E+03 .1382E+00 .3270E-01
.3790E+03 .1195E+00 .2885E-01
.3800E+03 .1121E+00 .2758E-01
.3810E+03 .1217E+00 .3065E-01
.3820E+03 .9309E-01 .2400E-01
.3830E+03 .7189E-01 .1897E-01
.3840E+03 .8016E-01 .2160E-01
.3850E+03 .1055E+00 .2901E-01
.3860E+03 .9680E-01 .2721E-01
.3870E+03 .1011E+00 .2901E-01
.3880E+03 .9824E-01 .2875E-01
.3890E+03 .1054E+00 .3148E-01
.3900E+03 .1221E+00 .3717E-01
.3910E+03 .1298E+00 .4031E-01
.3920E+03 .1207E+00 .3815E-01
.3930E+03 .7253E-01 .2339E-01
.3940E+03 .7460E-01 .2452E-01
.3950E+03 .1210E+00 .4050E-01
.3960E+03 .1128E+00 .3843E-01
.3970E+03 .6329E-01 .2198E-01
.3980E+03 .1260E+00 .4448E-01
.3990E+03 .1574E+00 .5663E-01
.4000E+03 .1632E+00 .5967E-01
.4010E+03 .1663E+00 .6298E-01
.4020E+03 .1721E+00 .6639E-01
.4030E+03 .1651E+00 .6480E-01
.4040E+03 .1670E+00 .6661E-01
.4050E+03 .1622E+00 .6571E-01
.4060E+03 .1576E+00 .6495E-01
.4070E+03 .1541E+00 .6465E-01
.4080E+03 .1601E+00 .6815E-01
.4090E+03 .1703E+00 .7363E-01
.4100E+03 .1445E+00 .6349E-01
.4110E+03 .1611E+00 .7191E-01
.4120E+03 .1706E+00 .7740E-01
.4130E+03 .1630E+00 .7490E-01
.4140E+03 .1605E+00 .7497E-01
.4150E+03 .1654E+00 .7850E-01
.4160E+03 .1696E+00 .8184E-01
.4170E+03 .1647E+00 .8061E-01
.4180E+03 .1569E+00 .7788E-01
.4190E+03 .1626E+00 .8189E-01
.4200E+03 .1484E+00 .7576E-01
.4210E+03 .1678E+00 .8694E-01
.4220E+03 .1647E+00 .8658E-01
.4230E+03 .1588E+00 .8468E-01
.4240E+03 .1571E+00 .8496E-01
.4250E+03 .1612E+00 .8848E-01
.4260E+03 .1560E+00 .8695E-01
.4270E+03 .1501E+00 .8471E-01
.4280E+03 .1509E+00 .8621E-01
.4290E+03 .1392E+00 .8073E-01
.4300E+03 .1106E+00 .6498E-01
.4310E+03 .9993E-01 .5939E-01
.4320E+03 .1654E+00 .9986E-01
.4330E+03 .1532E+00 .9373E-01
.4340E+03 .1409E+00 .8722E-01
.4350E+03 .1540E+00 .9630E-01
.4360E+03 .1682E+00 .1067E+00
.4370E+03 .1709E+00 .1100E+00
.4380E+03 .1492E+00 .9741E-01
.4390E+03 .1427E+00 .9402E-01
.4400E+03 .1627E+00 .1088E+00
.4410E+03 .1596E+00 .1084E+00
.4420E+03 .1699E+00 .1167E+00
.4430E+03 .1712E+00 .1185E+00
.4440E+03 .1664E+00 .1168E+00
.4450E+03 .1721E+00 .1217E+00
.4460E+03 .1538E+00 .1102E+00
.4470E+03 .1744E+00 .1267E+00
.4480E+03 .1756E+00 .1287E+00
.4490E+03 .1743E+00 .1299E+00
.4500E+03 .1798E+00 .1357E+00
.4510E+03 .1856E+00 .1417E+00
.4520E+03 .1769E+00 .1366E+00
.4530E+03 .1627E+00 .1270E+00
.4540E+03 .1738E+00 .1373E+00
.4550E+03 .1716E+00 .1371E+00
.4560E+03 .1764E+00 .1425E+00
.4570E+03 .1767E+00 .1446E+00
.4580E+03 .1718E+00 .1421E+00
.4590E+03 .1693E+00 .1419E+00
.4600E+03 .1670E+00 .1417E+00
.4610E+03 .1719E+00 .1475E+00
.4620E+03 .1728E+00 .1500E+00
.4630E+03 .1728E+00 .1511E+00
.4640E+03 .1671E+00 .1476E+00
.4650E+03 .1646E+00 .1469E+00
.4660E+03 .1675E+00 .1510E+00
.4670E+03 .1592E+00 .1447E+00
.4680E+03 .1652E+00 .1518E+00
.4690E+03 .1649E+00 .1531E+00
.4700E+03 .1576E+00 .1476E+00
.4710E+03 .1596E+00 .1510E+00
.4720E+03 .1671E+00 .1594E+00
.4730E+03 .1600E+00 .1538E+00
.4740E+03 .1610E+00 .1558E+00
.4750E+03 .1653E+00 .1612E+00
.4760E+03 .1584E+00 .1558E+00
.4770E+03 .1582E+00 .1570E+00
.4780E+03 .1621E+00 .1632E+00
.4790E+03 .1577E+00 .1613E+00
.4800E+03 .1591E+00 .1653E+00
.4810E+03 .1580E+00 .1666E+00
.4820E+03 .1577E+00 .1686E+00
.4830E+03 .1552E+00 .1678E+00
.4840E+03 .1519E+00 .1655E+00
.4850E+03 .1510E+00 .1655E+00
.4860E+03 .1222E+00 .1350E+00
.4870E+03 .1364E+00 .1521E+00
.4880E+03 .1469E+00 .1651E+00
.4890E+03 .1376E+00 .1559E+00
.4900E+03 .1529E+00 .1753E+00
.4910E+03 .1461E+00 .1695E+00
.4920E+03 .1386E+00 .1622E+00
.4930E+03 .1476E+00 .1742E+00
.4940E+03 .1435E+00 .1706E+00
.4950E+03 .1516E+00 .1819E+00
.4960E+03 .1433E+00 .1735E+00
.4970E+03 .1448E+00 .1771E+00
.4980E+03 .1397E+00 .1730E+00
.4990E+03 .1385E+00 .1735E+00
.5000E+03 .1368E+00 .1732E+00
.5010E+03 .1313E+00 .1681E+00
.5020E+03 .1297E+00 .1674E+00
.5030E+03 .1342E+00 .1742E+00
.5040E+03 .1226E+00 .1568E+00
.5050E+03 .1320E+00 .1748E+00
.5060E+03 .1363E+00 .1815E+00
.5070E+03 .1298E+00 .1738E+00
.5080E+03 .1263E+00 .1711E+00
.5090E+03 .1322E+00 .1809E+00
.5100E+03 .1284E+00 .1775E+00
.5110E+03 .1305E+00 .1825E+00
.5120E+03 .1333E+00 .1885E+00
.5130E+03 .1246E+00 .1780E+00
.5140E+03 .1212E+00 .1750E+00
.5150E+03 .1239E+00 .1807E+00
.5160E+03 .1242E+00 .1828E+00
.5170E+03 .1006E+00 .1496E+00
.5180E+03 .1144E+00 .1715E+00
.5190E+03 .1102E+00 .1666E+00
.5200E+03 .1195E+00 .1822E+00
.5210E+03 .1196E+00 .1839E+00
.5220E+03 .1213E+00 .1884E+00
.5230E+03 .1136E+00 .1780E+00
.5240E+03 .1211E+00 .1914E+00
.5250E+03 .1190E+00 .1898E+00
.5260E+03 .1148E+00 .1851E+00
.5270E+03 .9943E-01 .1617E+00
.5280E+03 .1128E+00 .1854E+00
.5290E+03 .1171E+00 .1940E+00
.5300E+03 .1117E+00 .1868E+00
.5310E+03 .1169E+00 .1974E+00
.5320E+03 .1140E+00 .1944E+00
.5330E+03 .1012E+00 .1741E+00
.5340E+03 .1079E+00 .1871E+00
.5350E+03 .1091E+00 .1906E+00
.5360E+03 .1133E+00 .1994E+00
.5370E+03 .1043E+00 .1852E+00
.5380E+03 .1090E+00 .1950E+00
.5390E+03 .1057E+00 .1906E+00
.5400E+03 .1013E+00 .1838E+00
.5410E+03 .9647E-01 .1750E+00
.5420E+03 .1042E+00 .1906E+00
.5430E+03 .1022E+00 .1901E+00
.5440E+03 .1048E+00 .1954E+00
.5450E+03 .1019E+00 .1920E+00
.5460E+03 .1001E+00 .1886E+00
.5470E+03 .1011E+00 .1930E+00
.5480E+03 .9779E-01 .1887E+00
.5490E+03 .1004E+00 .1957E+00
.5500E+03 .9906E-01 .1948E+00
.5510E+03 .9845E-01 .1954E+00
.5520E+03 .9995E-01 .2000E+00
.5530E+03 .9656E-01 .1946E+00
.5540E+03 .9787E-01 .1987E+00
.5550E+03 .9778E-01 .1999E+00
.5560E+03 .9548E-01 .1967E+00
.5570E+03 .9249E-01 .1920E+00
.5580E+03 .9375E-01 .1961E+00
.5590E+03 .8798E-01 .1854E+00
.5600E+03 .8884E-01 .1890E+00
.5610E+03 .9326E-01 .2001E+00
.5620E+03 .8807E-01 .1905E+00
.5630E+03 .9068E-01 .1976E+00
.5640E+03 .8828E-01 .1936E+00
.5650E+03 .8823E-01 .1948E+00
.5660E+03 .8290E-01 .1841E+00
.5670E+03 .8773E-01 .1957E+00
.5680E+03 .8605E-01 .1913E+00
.5690E+03 .8255E-01 .1803E+00
.5700E+03 .8250E-01 .1831E+00
.5710E+03 .7982E-01 .1806E+00
.5720E+03 .8334E-01 .1872E+00
.5730E+03 .8333E-01 .1883E+00
.5740E+03 .8257E-01 .1875E+00
.5750E+03 .8033E-01 .1826E+00
.5760E+03 .7948E-01 .1818E+00
.5770E+03 .8132E-01 .1871E+00
.5780E+03 .7877E-01 .1832E+00
.5790E+03 .7983E-01 .1880E+00
.5800E+03 .8105E-01 .1935E+00
.5810E+03 .8131E-01 .1964E+00
.5820E+03 .8238E-01 .2011E+00
.5830E+03 .8303E-01 .2047E+00
.5840E+03 .8257E-01 .2051E+00
.5850E+03 .8162E-01 .2040E+00
.5860E+03 .7923E-01 .1984E+00
.5870E+03 .8030E-01 .1998E+00
.5880E+03 .7672E-01 .1844E+00
.5890E+03 .6402E-01 .1458E+00
.5900E+03 .6782E-01 .1554E+00
.5910E+03 .7319E-01 .1738E+00
.5920E+03 .7076E-01 .1677E+00
.5930E+03 .7230E-01 .1779E+00
.5940E+03 .7115E-01 .1759E+00
.5950E+03 .6906E-01 .1672E+00
.5960E+03 .7233E-01 .1852E+00
.5970E+03 .7185E-01 .1842E+00
.5980E+03 .7085E-01 .1856E+00
.5990E+03 .7067E-01 .1884E+00
.6000E+03 .7147E-01 .1950E+00
.6010E+03 .7067E-01 .1964E+00
.6020E+03 .6940E-01 .1945E+00
.6030E+03 .7074E-01 .1999E+00
.6040E+03 .7182E-01 .2041E+00
.6050E+03 .7159E-01 .2047E+00
.6060E+03 .7114E-01 .2049E+00
.6070E+03 .7151E-01 .2075E+00
.6080E+03 .7124E-01 .2079E+00
.6090E+03 .7067E-01 .2071E+00
.6100E+03 .7033E-01 .2068E+00
.6110E+03 .6995E-01 .2064E+00
.6120E+03 .7096E-01 .2100E+00
.6130E+03 .6992E-01 .2074E+00
.6140E+03 .6776E-01 .2017E+00
.6150E+03 .7020E-01 .2100E+00
.6160E+03 .6828E-01 .2051E+00
.6170E+03 .6733E-01 .2029E+00
.6180E+03 .6980E-01 .2109E+00
.6190E+03 .7002E-01 .2122E+00
.6200E+03 .6990E-01 .2121E+00
.6210E+03 .7004E-01 .2120E+00
.6220E+03 .6730E-01 .2013E+00
.6230E+03 .6660E-01 .1970E+00
.6240E+03 .6627E-01 .1981E+00
.6250E+03 .6574E-01 .1991E+00
.6260E+03 .6548E-01 .1989E+00
.6270E+03 .6694E-01 .2016E+00
.6280E+03 .6245E-01 .1720E+00
.6290E+03 .6503E-01 .1911E+00
.6300E+03 .6428E-01 .1900E+00
.6310E+03 .6555E-01 .2006E+00
.6320E+03 .6268E-01 .1924E+00
.6330E+03 .6680E-01 .2091E+00
.6340E+03 .6585E-01 .2092E+00
.6350E+03 .6653E-01 .2126E+00
.6360E+03 .6499E-01 .2091E+00
.6370E+03 .6712E-01 .2168E+00
.6380E+03 .6764E-01 .2208E+00
.6390E+03 .6727E-01 .2209E+00
.6400E+03 .6584E-01 .2177E+00
.6410E+03 .6579E-01 .2186E+00
.6420E+03 .6588E-01 .2202E+00
.6430E+03 .6636E-01 .2218E+00
.6440E+03 .6602E-01 .2221E+00
.6450E+03 .6617E-01 .2218E+00
.6460E+03 .6344E-01 .2085E+00
.6470E+03 .6193E-01 .1968E+00
.6480E+03 .6086E-01 .1934E+00
.6490E+03 .5896E-01 .1875E+00
.6500E+03 .6049E-01 .2025E+00
.6510E+03 .6441E-01 .2175E+00
.6520E+03 .5981E-01 .1918E+00
.6530E+03 .6348E-01 .2160E+00
.6540E+03 .6276E-01 .2143E+00
.6550E+03 .5899E-01 .1984E+00
.6560E+03 .5206E-01 .1767E+00
.6570E+03 .5427E-01 .1849E+00
.6580E+03 .6103E-01 .2119E+00
.6590E+03 .6132E-01 .2136E+00
.6600E+03 .6164E-01 .2141E+00
.6610E+03 .6150E-01 .2124E+00
.6620E+03 .6097E-01 .2083E+00
.6630E+03 .6096E-01 .2107E+00
.6640E+03 .6152E-01 .2178E+00
.6650E+03 .6259E-01 .2252E+00
.6660E+03 .6251E-01 .2277E+00
.6670E+03 .6202E-01 .2281E+00
.6680E+03 .6220E-01 .2307E+00
.6690E+03 .6317E-01 .2354E+00
.6700E+03 .6219E-01 .2330E+00
.6710E+03 .6198E-01 .2331E+00
.6720E+03 .6101E-01 .2303E+00
.6730E+03 .6145E-01 .2328E+00
.6740E+03 .6125E-01 .2330E+00
.6750E+03 .6064E-01 .2315E+00
.6760E+03 .6123E-01 .2346E+00
.6770E+03 .6056E-01 .2328E+00
.6780E+03 .6075E-01 .2342E+00
.6790E+03 .6012E-01 .2326E+00
.6800E+03 .6008E-01 .2333E+00
.6810E+03 .5969E-01 .2326E+00
.6820E+03 .5981E-01 .2339E+00
.6830E+03 .5900E-01 .2315E+00
.6840E+03 .5844E-01 .2298E+00
.6850E+03 .5838E-01 .2308E+00
.6860E+03 .5689E-01 .2250E+00
.6870E+03 .3897E-01 .8819E-01
.6880E+03 .4597E-01 .1310E+00
.6890E+03 .4617E-01 .1329E+00
.6900E+03 .4857E-01 .1505E+00
.6910E+03 .5072E-01 .1697E+00
.6920E+03 .5166E-01 .1811E+00
.6930E+03 .4940E-01 .1684E+00
.6940E+03 .4786E-01 .1665E+00
.6950E+03 .4996E-01 .1846E+00
.6960E+03 .4977E-01 .1851E+00
.6970E+03 .5446E-01 .2151E+00
.6980E+03 .5339E-01 .2110E+00
.6990E+03 .5073E-01 .1919E+00
.7000E+03 .5013E-01 .1898E+00
Wvlgth Difuse_horizn_irradiance Direct_horizn_irradiance
.3500E+03 .1042E+00 .1444E-01
.3510E+03 .1084E+00 .1543E-01
.3520E+03 .1013E+00 .1483E-01
.3530E+03 .1010E+00 .1527E-01
.3540E+03 .1167E+00 .1811E-01
.3550E+03 .1174E+00 .1871E-01
.3560E+03 .1058E+00 .1738E-01
.3570E+03 .8673E-01 .1460E-01
.3580E+03 .8123E-01 .1403E-01
.3590E+03 .8822E-01 .1561E-01
.3600E+03 .1118E+00 .2027E-01
.3610E+03 .9671E-01 .1800E-01
.3620E+03 .9884E-01 .1896E-01
.3630E+03 .1108E+00 .2187E-01
.3640E+03 .1111E+00 .2251E-01
.3650E+03 .1137E+00 .2360E-01
.3660E+03 .1334E+00 .2839E-01
.3670E+03 .1304E+00 .2844E-01
.3680E+03 .1198E+00 .2671E-01
.3690E+03 .1238E+00 .2828E-01
.3700E+03 .1342E+00 .3141E-01
.3710E+03 .1226E+00 .2939E-01
.3720E+03 .1187E+00 .2905E-01
.3730E+03 .1084E+00 .2715E-01
.3740E+03 .9693E-01 .2483E-01
.3750E+03 .1022E+00 .2675E-01
.3760E+03 .1164E+00 .3109E-01
.3770E+03 .1222E+00 .3333E-01
.3780E+03 .1461E+00 .4067E-01
.3790E+03 .1264E+00 .3584E-01
.3800E+03 .1185E+00 .3422E-01
.3810E+03 .1286E+00 .3797E-01
.3820E+03 .9835E-01 .2969E-01
.3830E+03 .7593E-01 .2343E-01
.3840E+03 .8464E-01 .2664E-01
.3850E+03 .1113E+00 .3574E-01
.3860E+03 .1022E+00 .3347E-01
.3870E+03 .1067E+00 .3564E-01
.3880E+03 .1036E+00 .3528E-01
.3890E+03 .1112E+00 .3857E-01
.3900E+03 .1287E+00 .4549E-01
.3910E+03 .1368E+00 .4927E-01
.3920E+03 .1271E+00 .4659E-01
.3930E+03 .7639E-01 .2853E-01
.3940E+03 .7855E-01 .2987E-01
.3950E+03 .1274E+00 .4929E-01
.3960E+03 .1187E+00 .4671E-01
.3970E+03 .6659E-01 .2669E-01
.3980E+03 .1326E+00 .5396E-01
.3990E+03 .1655E+00 .6861E-01
.4000E+03 .1716E+00 .7223E-01
.4010E+03 .1748E+00 .7616E-01
.4020E+03 .1809E+00 .8019E-01
.4030E+03 .1734E+00 .7818E-01
.4040E+03 .1754E+00 .8029E-01
.4050E+03 .1704E+00 .7914E-01
.4060E+03 .1654E+00 .7814E-01
.4070E+03 .1617E+00 .7769E-01
.4080E+03 .1680E+00 .8184E-01
.4090E+03 .1786E+00 .8833E-01
.4100E+03 .1516E+00 .7610E-01
.4110E+03 .1689E+00 .8611E-01
.4120E+03 .1788E+00 .9259E-01
.4130E+03 .1708E+00 .8954E-01
.4140E+03 .1682E+00 .8954E-01
.4150E+03 .1733E+00 .9367E-01
.4160E+03 .1776E+00 .9755E-01
.4170E+03 .1724E+00 .9601E-01
.4180E+03 .1642E+00 .9269E-01
.4190E+03 .1702E+00 .9738E-01
.4200E+03 .1552E+00 .9001E-01
.4210E+03 .1755E+00 .1032E+00
.4220E+03 .1723E+00 .1027E+00
.4230E+03 .1660E+00 .1004E+00
.4240E+03 .1642E+00 .1006E+00
.4250E+03 .1684E+00 .1047E+00
.4260E+03 .1630E+00 .1028E+00
.4270E+03 .1568E+00 .1001E+00
.4280E+03 .1576E+00 .1018E+00
.4290E+03 .1454E+00 .9525E-01
.4300E+03 .1155E+00 .7661E-01
.4310E+03 .1043E+00 .6998E-01
.4320E+03 .1726E+00 .1176E+00
.4330E+03 .1598E+00 .1103E+00
.4340E+03 .1470E+00 .1025E+00
.4350E+03 .1605E+00 .1132E+00
.4360E+03 .1753E+00 .1253E+00
.4370E+03 .1781E+00 .1291E+00
.4380E+03 .1555E+00 .1142E+00
.4390E+03 .1487E+00 .1102E+00
.4400E+03 .1695E+00 .1274E+00
.4410E+03 .1663E+00 .1268E+00
.4420E+03 .1770E+00 .1365E+00
.4430E+03 .1783E+00 .1385E+00
.4440E+03 .1733E+00 .1364E+00
.4450E+03 .1791E+00 .1421E+00
.4460E+03 .1601E+00 .1286E+00
.4470E+03 .1814E+00 .1477E+00
.4480E+03 .1826E+00 .1500E+00
.4490E+03 .1813E+00 .1512E+00
.4500E+03 .1869E+00 .1580E+00
.4510E+03 .1929E+00 .1648E+00
.4520E+03 .1839E+00 .1588E+00
.4530E+03 .1691E+00 .1475E+00
.4540E+03 .1806E+00 .1594E+00
.4550E+03 .1783E+00 .1591E+00
.4560E+03 .1832E+00 .1654E+00
.4570E+03 .1835E+00 .1677E+00
.4580E+03 .1784E+00 .1647E+00
.4590E+03 .1758E+00 .1644E+00
.4600E+03 .1735E+00 .1641E+00
.4610E+03 .1785E+00 .1708E+00
.4620E+03 .1794E+00 .1735E+00
.4630E+03 .1793E+00 .1747E+00
.4640E+03 .1734E+00 .1705E+00
.4650E+03 .1708E+00 .1696E+00
.4660E+03 .1737E+00 .1743E+00
.4670E+03 .1651E+00 .1670E+00
.4680E+03 .1713E+00 .1751E+00
.4690E+03 .1709E+00 .1766E+00
.4700E+03 .1634E+00 .1702E+00
.4710E+03 .1654E+00 .1740E+00
.4720E+03 .1732E+00 .1836E+00
.4730E+03 .1658E+00 .1771E+00
.4740E+03 .1668E+00 .1794E+00
.4750E+03 .1712E+00 .1856E+00
.4760E+03 .1641E+00 .1794E+00
.4770E+03 .1639E+00 .1808E+00
.4780E+03 .1679E+00 .1878E+00
.4790E+03 .1634E+00 .1855E+00
.4800E+03 .1648E+00 .1899E+00
.4810E+03 .1637E+00 .1914E+00
.4820E+03 .1634E+00 .1935E+00
.4830E+03 .1608E+00 .1924E+00
.4840E+03 .1573E+00 .1897E+00
.4850E+03 .1563E+00 .1897E+00
.4860E+03 .1264E+00 .1546E+00
.4870E+03 .1411E+00 .1741E+00
.4880E+03 .1520E+00 .1890E+00
.4890E+03 .1424E+00 .1784E+00
.4900E+03 .1582E+00 .2005E+00
.4910E+03 .1512E+00 .1937E+00
.4920E+03 .1434E+00 .1854E+00
.4930E+03 .1527E+00 .1990E+00
.4940E+03 .1483E+00 .1949E+00
.4950E+03 .1567E+00 .2076E+00
.4960E+03 .1482E+00 .1980E+00
.4970E+03 .1497E+00 .2021E+00
.4980E+03 .1444E+00 .1973E+00
.4990E+03 .1431E+00 .1978E+00
.5000E+03 .1413E+00 .1974E+00
.5010E+03 .1357E+00 .1917E+00
.5020E+03 .1341E+00 .1909E+00
.5030E+03 .1387E+00 .1988E+00
.5040E+03 .1267E+00 .1793E+00
.5050E+03 .1365E+00 .1993E+00
.5060E+03 .1409E+00 .2070E+00
.5070E+03 .1341E+00 .1983E+00
.5080E+03 .1305E+00 .1950E+00
.5090E+03 .1365E+00 .2060E+00
.5100E+03 .1326E+00 .2021E+00
.5110E+03 .1348E+00 .2076E+00
.5120E+03 .1377E+00 .2143E+00
.5130E+03 .1286E+00 .2022E+00
.5140E+03 .1251E+00 .1988E+00
.5150E+03 .1279E+00 .2052E+00
.5160E+03 .1283E+00 .2076E+00
.5170E+03 .1039E+00 .1697E+00
.5180E+03 .1181E+00 .1946E+00
.5190E+03 .1138E+00 .1890E+00
.5200E+03 .1234E+00 .2067E+00
.5210E+03 .1235E+00 .2086E+00
.5220E+03 .1253E+00 .2136E+00
.5230E+03 .1173E+00 .2018E+00
.5240E+03 .1250E+00 .2170E+00
.5250E+03 .1229E+00 .2152E+00
.5260E+03 .1186E+00 .2099E+00
.5270E+03 .1027E+00 .1833E+00
.5280E+03 .1166E+00 .2102E+00
.5290E+03 .1210E+00 .2199E+00
.5300E+03 .1154E+00 .2118E+00
.5310E+03 .1208E+00 .2238E+00
.5320E+03 .1178E+00 .2203E+00
.5330E+03 .1046E+00 .1972E+00
.5340E+03 .1115E+00 .2119E+00
.5350E+03 .1127E+00 .2158E+00
.5360E+03 .1170E+00 .2257E+00
.5370E+03 .1078E+00 .2095E+00
.5380E+03 .1126E+00 .2206E+00
.5390E+03 .1092E+00 .2156E+00
.5400E+03 .1047E+00 .2079E+00
.5410E+03 .9967E-01 .1981E+00
.5420E+03 .1077E+00 .2157E+00
.5430E+03 .1056E+00 .2150E+00
.5440E+03 .1083E+00 .2211E+00
.5450E+03 .1053E+00 .2171E+00
.5460E+03 .1034E+00 .2134E+00
.5470E+03 .1044E+00 .2183E+00
.5480E+03 .1010E+00 .2133E+00
.5490E+03 .1037E+00 .2210E+00
.5500E+03 .1023E+00 .2200E+00
.5510E+03 .1017E+00 .2206E+00
.5520E+03 .1033E+00 .2257E+00
.5530E+03 .9976E-01 .2196E+00
.5540E+03 .1011E+00 .2242E+00
.5550E+03 .1010E+00 .2256E+00
.5560E+03 .9865E-01 .2219E+00
.5570E+03 .9557E-01 .2167E+00
.5580E+03 .9688E-01 .2213E+00
.5590E+03 .9093E-01 .2093E+00
.5600E+03 .9182E-01 .2132E+00
.5610E+03 .9640E-01 .2258E+00
.5620E+03 .9105E-01 .2150E+00
.5630E+03 .9376E-01 .2230E+00
.5640E+03 .9128E-01 .2185E+00
.5650E+03 .9124E-01 .2198E+00
.5660E+03 .8572E-01 .2078E+00
.5670E+03 .9072E-01 .2210E+00
.5680E+03 .8899E-01 .2162E+00
.5690E+03 .8537E-01 .2043E+00
.5700E+03 .8532E-01 .2072E+00
.5710E+03 .8255E-01 .2042E+00
.5720E+03 .8620E-01 .2119E+00
.5730E+03 .8619E-01 .2132E+00
.5740E+03 .8539E-01 .2122E+00
.5750E+03 .8308E-01 .2068E+00
.5760E+03 .8219E-01 .2058E+00
.5770E+03 .8408E-01 .2117E+00
.5780E+03 .8144E-01 .2072E+00
.5790E+03 .8252E-01 .2123E+00
.5800E+03 .8377E-01 .2184E+00
.5810E+03 .8403E-01 .2214E+00
.5820E+03 .8513E-01 .2265E+00
.5830E+03 .8578E-01 .2304E+00
.5840E+03 .8530E-01 .2307E+00
.5850E+03 .8432E-01 .2294E+00
.5860E+03 .8184E-01 .2232E+00
.5870E+03 .8294E-01 .2250E+00
.5880E+03 .7923E-01 .2085E+00
.5890E+03 .6612E-01 .1657E+00
.5900E+03 .7004E-01 .1767E+00
.5910E+03 .7559E-01 .1970E+00
.5920E+03 .7308E-01 .1902E+00
.5930E+03 .7468E-01 .2012E+00
.5940E+03 .7350E-01 .1990E+00
.5950E+03 .7134E-01 .1896E+00
.5960E+03 .7473E-01 .2091E+00
.5970E+03 .7424E-01 .2081E+00
.5980E+03 .7321E-01 .2094E+00
.5990E+03 .7304E-01 .2123E+00
.6000E+03 .7387E-01 .2194E+00
.6010E+03 .7304E-01 .2207E+00
.6020E+03 .7173E-01 .2184E+00
.6030E+03 .7311E-01 .2245E+00
.6040E+03 .7422E-01 .2290E+00
.6050E+03 .7397E-01 .2296E+00
.6060E+03 .7350E-01 .2298E+00
.6070E+03 .7386E-01 .2325E+00
.6080E+03 .7357E-01 .2328E+00
.6090E+03 .7297E-01 .2319E+00
.6100E+03 .7261E-01 .2315E+00
.6110E+03 .7220E-01 .2310E+00
.6120E+03 .7323E-01 .2349E+00
.6130E+03 .7214E-01 .2320E+00
.6140E+03 .6989E-01 .2256E+00
.6150E+03 .7240E-01 .2347E+00
.6160E+03 .7041E-01 .2291E+00
.6170E+03 .6942E-01 .2267E+00
.6180E+03 .7195E-01 .2356E+00
.6190E+03 .7217E-01 .2370E+00
.6200E+03 .7203E-01 .2369E+00
.6210E+03 .7217E-01 .2370E+00
.6220E+03 .6934E-01 .2253E+00
.6230E+03 .6861E-01 .2208E+00
.6240E+03 .6826E-01 .2219E+00
.6250E+03 .6771E-01 .2227E+00
.6260E+03 .6743E-01 .2224E+00
.6270E+03 .6893E-01 .2257E+00
.6280E+03 .6430E-01 .1946E+00
.6290E+03 .6694E-01 .2147E+00
.6300E+03 .6617E-01 .2133E+00
.6310E+03 .6746E-01 .2245E+00
.6320E+03 .6450E-01 .2152E+00
.6330E+03 .6873E-01 .2335E+00
.6340E+03 .6774E-01 .2332E+00
.6350E+03 .6843E-01 .2369E+00
.6360E+03 .6684E-01 .2329E+00
.6370E+03 .6902E-01 .2414E+00
.6380E+03 .6954E-01 .2456E+00
.6390E+03 .6916E-01 .2456E+00
.6400E+03 .6767E-01 .2419E+00
.6410E+03 .6761E-01 .2428E+00
.6420E+03 .6769E-01 .2445E+00
.6430E+03 .6818E-01 .2463E+00
.6440E+03 .6782E-01 .2465E+00
.6450E+03 .6797E-01 .2463E+00
.6460E+03 .6515E-01 .2321E+00
.6470E+03 .6360E-01 .2198E+00
.6480E+03 .6249E-01 .2159E+00
.6490E+03 .6053E-01 .2095E+00
.6500E+03 .6210E-01 .2251E+00
.6510E+03 .6611E-01 .2417E+00
.6520E+03 .6139E-01 .2142E+00
.6530E+03 .6514E-01 .2398E+00
.6540E+03 .6440E-01 .2379E+00
.6550E+03 .6053E-01 .2206E+00
.6560E+03 .5340E-01 .1964E+00
.6570E+03 .5567E-01 .2054E+00
.6580E+03 .6259E-01 .2350E+00
.6590E+03 .6288E-01 .2369E+00
.6600E+03 .6321E-01 .2376E+00
.6610E+03 .6306E-01 .2359E+00
.6620E+03 .6251E-01 .2317E+00
.6630E+03 .6249E-01 .2341E+00
.6640E+03 .6306E-01 .2414E+00
.6650E+03 .6415E-01 .2492E+00
.6660E+03 .6406E-01 .2518E+00
.6670E+03 .6355E-01 .2520E+00
.6680E+03 .6372E-01 .2547E+00
.6690E+03 .6471E-01 .2598E+00
.6700E+03 .6371E-01 .2570E+00
.6710E+03 .6348E-01 .2571E+00
.6720E+03 .6249E-01 .2539E+00
.6730E+03 .6292E-01 .2566E+00
.6740E+03 .6271E-01 .2568E+00
.6750E+03 .6208E-01 .2551E+00
.6760E+03 .6268E-01 .2585E+00
.6770E+03 .6199E-01 .2564E+00
.6780E+03 .6218E-01 .2580E+00
.6790E+03 .6153E-01 .2562E+00
.6800E+03 .6148E-01 .2569E+00
.6810E+03 .6108E-01 .2561E+00
.6820E+03 .6120E-01 .2575E+00
.6830E+03 .6037E-01 .2548E+00
.6840E+03 .5979E-01 .2530E+00
.6850E+03 .5972E-01 .2540E+00
.6860E+03 .5819E-01 .2477E+00
.6870E+03 .3986E-01 .1032E+00
.6880E+03 .4701E-01 .1496E+00
.6890E+03 .4722E-01 .1515E+00
.6900E+03 .4967E-01 .1703E+00
.6910E+03 .5186E-01 .1905E+00
.6920E+03 .5282E-01 .2023E+00
.6930E+03 .5050E-01 .1885E+00
.6940E+03 .4892E-01 .1858E+00
.6950E+03 .5107E-01 .2049E+00
.6960E+03 .5087E-01 .2054E+00
.6970E+03 .5566E-01 .2374E+00
.6980E+03 .5456E-01 .2328E+00
.6990E+03 .5183E-01 .2127E+00
.7000E+03 .5122E-01 .2103E+00
Wvlgth Difuse_horizn_irradiance Direct_horizn_irradiance
.3500E+03 .1069E+00 .1602E-01
.3510E+03 .1112E+00 .1711E-01
.3520E+03 .1040E+00 .1643E-01
.3530E+03 .1036E+00 .1691E-01
.3540E+03 .1197E+00 .2003E-01
.3550E+03 .1203E+00 .2068E-01
.3560E+03 .1084E+00 .1919E-01
.3570E+03 .8891E-01 .1612E-01
.3580E+03 .8325E-01 .1547E-01
.3590E+03 .9041E-01 .1721E-01
.3600E+03 .1146E+00 .2233E-01
.3610E+03 .9909E-01 .1981E-01
.3620E+03 .1013E+00 .2085E-01
.3630E+03 .1135E+00 .2404E-01
.3640E+03 .1138E+00 .2473E-01
.3650E+03 .1164E+00 .2590E-01
.3660E+03 .1365E+00 .3114E-01
.3670E+03 .1335E+00 .3117E-01
.3680E+03 .1227E+00 .2926E-01
.3690E+03 .1267E+00 .3096E-01
.3700E+03 .1374E+00 .3437E-01
.3710E+03 .1255E+00 .3214E-01
.3720E+03 .1214E+00 .3175E-01
.3730E+03 .1109E+00 .2965E-01
.3740E+03 .9916E-01 .2710E-01
.3750E+03 .1045E+00 .2918E-01
.3760E+03 .1190E+00 .3390E-01
.3770E+03 .1250E+00 .3633E-01
.3780E+03 .1494E+00 .4430E-01
.3790E+03 .1292E+00 .3902E-01
.3800E+03 .1211E+00 .3724E-01
.3810E+03 .1314E+00 .4130E-01
.3820E+03 .1005E+00 .3228E-01
.3830E+03 .7759E-01 .2545E-01
.3840E+03 .8649E-01 .2892E-01
.3850E+03 .1137E+00 .3879E-01
.3860E+03 .1044E+00 .3631E-01
.3870E+03 .1090E+00 .3864E-01
.3880E+03 .1058E+00 .3823E-01
.3890E+03 .1135E+00 .4178E-01
.3900E+03 .1314E+00 .4925E-01
.3910E+03 .1397E+00 .5332E-01
.3920E+03 .1298E+00 .5039E-01
.3930E+03 .7798E-01 .3084E-01
.3940E+03 .8017E-01 .3228E-01
.3950E+03 .1300E+00 .5324E-01
.3960E+03 .1212E+00 .5044E-01
.3970E+03 .6794E-01 .2880E-01
.3980E+03 .1352E+00 .5822E-01
.3990E+03 .1688E+00 .7399E-01
.4000E+03 .1750E+00 .7786E-01
.4010E+03 .1783E+00 .8206E-01
.4020E+03 .1845E+00 .8637E-01
.4030E+03 .1769E+00 .8417E-01
.4040E+03 .1789E+00 .8641E-01
.4050E+03 .1737E+00 .8514E-01
.4060E+03 .1686E+00 .8403E-01
.4070E+03 .1649E+00 .8351E-01
.4080E+03 .1713E+00 .8794E-01
.4090E+03 .1820E+00 .9489E-01
.4100E+03 .1544E+00 .8172E-01
.4110E+03 .1721E+00 .9243E-01
.4120E+03 .1822E+00 .9935E-01
.4130E+03 .1740E+00 .9605E-01
.4140E+03 .1713E+00 .9601E-01
.4150E+03 .1765E+00 .1004E+00
.4160E+03 .1809E+00 .1045E+00
.4170E+03 .1756E+00 .1028E+00
.4180E+03 .1672E+00 .9926E-01
.4190E+03 .1733E+00 .1042E+00
.4200E+03 .1580E+00 .9634E-01
.4210E+03 .1786E+00 .1104E+00
.4220E+03 .1753E+00 .1099E+00
.4230E+03 .1689E+00 .1073E+00
.4240E+03 .1671E+00 .1076E+00
.4250E+03 .1714E+00 .1119E+00
.4260E+03 .1658E+00 .1098E+00
.4270E+03 .1595E+00 .1069E+00
.4280E+03 .1603E+00 .1087E+00
.4290E+03 .1479E+00 .1017E+00
.4300E+03 .1174E+00 .8174E-01
.4310E+03 .1061E+00 .7466E-01
.4320E+03 .1755E+00 .1254E+00
.4330E+03 .1625E+00 .1176E+00
.4340E+03 .1494E+00 .1093E+00
.4350E+03 .1632E+00 .1206E+00
.4360E+03 .1782E+00 .1335E+00
.4370E+03 .1810E+00 .1374E+00
.4380E+03 .1580E+00 .1216E+00
.4390E+03 .1511E+00 .1173E+00
.4400E+03 .1722E+00 .1356E+00
.4410E+03 .1690E+00 .1349E+00
.4420E+03 .1798E+00 .1452E+00
.4430E+03 .1811E+00 .1474E+00
.4440E+03 .1760E+00 .1451E+00
.4450E+03 .1819E+00 .1511E+00
.4460E+03 .1626E+00 .1367E+00
.4470E+03 .1843E+00 .1569E+00
.4480E+03 .1855E+00 .1594E+00
.4490E+03 .1841E+00 .1606E+00
.4500E+03 .1898E+00 .1677E+00
.4510E+03 .1959E+00 .1750E+00
.4520E+03 .1867E+00 .1685E+00
.4530E+03 .1717E+00 .1565E+00
.4540E+03 .1833E+00 .1691E+00
.4550E+03 .1810E+00 .1687E+00
.4560E+03 .1859E+00 .1753E+00
.4570E+03 .1863E+00 .1778E+00
.4580E+03 .1811E+00 .1746E+00
.4590E+03 .1784E+00 .1742E+00
.4600E+03 .1761E+00 .1739E+00
.4610E+03 .1812E+00 .1809E+00
.4620E+03 .1820E+00 .1838E+00
.4630E+03 .1819E+00 .1850E+00
.4640E+03 .1759E+00 .1806E+00
.4650E+03 .1732E+00 .1796E+00
.4660E+03 .1762E+00 .1845E+00
.4670E+03 .1675E+00 .1767E+00
.4680E+03 .1737E+00 .1852E+00
.4690E+03 .1734E+00 .1868E+00
.4700E+03 .1657E+00 .1800E+00
.4710E+03 .1677E+00 .1840E+00
.4720E+03 .1757E+00 .1942E+00
.4730E+03 .1681E+00 .1873E+00
.4740E+03 .1691E+00 .1897E+00
.4750E+03 .1736E+00 .1963E+00
.4760E+03 .1664E+00 .1897E+00
.4770E+03 .1662E+00 .1912E+00
.4780E+03 .1703E+00 .1985E+00
.4790E+03 .1657E+00 .1960E+00
.4800E+03 .1671E+00 .2007E+00
.4810E+03 .1660E+00 .2021E+00
.4820E+03 .1657E+00 .2043E+00
.4830E+03 .1630E+00 .2032E+00
.4840E+03 .1594E+00 .2002E+00
.4850E+03 .1585E+00 .2002E+00
.4860E+03 .1282E+00 .1632E+00
.4870E+03 .1430E+00 .1837E+00
.4880E+03 .1541E+00 .1994E+00
.4890E+03 .1443E+00 .1882E+00
.4900E+03 .1603E+00 .2114E+00
.4910E+03 .1532E+00 .2043E+00
.4920E+03 .1453E+00 .1954E+00
.4930E+03 .1547E+00 .2098E+00
.4940E+03 .1503E+00 .2054E+00
.4950E+03 .1588E+00 .2188E+00
.4960E+03 .1501E+00 .2087E+00
.4970E+03 .1516E+00 .2130E+00
.4980E+03 .1463E+00 .2078E+00
.4990E+03 .1450E+00 .2084E+00
.5000E+03 .1432E+00 .2080E+00
.5010E+03 .1375E+00 .2019E+00
.5020E+03 .1358E+00 .2011E+00
.5030E+03 .1405E+00 .2094E+00
.5040E+03 .1284E+00 .1891E+00
.5050E+03 .1383E+00 .2100E+00
.5060E+03 .1427E+00 .2181E+00
.5070E+03 .1359E+00 .2089E+00
.5080E+03 .1322E+00 .2054E+00
.5090E+03 .1383E+00 .2169E+00
.5100E+03 .1344E+00 .2127E+00
.5110E+03 .1365E+00 .2184E+00
.5120E+03 .1394E+00 .2254E+00
.5130E+03 .1303E+00 .2127E+00
.5140E+03 .1267E+00 .2091E+00
.5150E+03 .1296E+00 .2158E+00
.5160E+03 .1299E+00 .2183E+00
.5170E+03 .1052E+00 .1785E+00
.5180E+03 .1196E+00 .2046E+00
.5190E+03 .1152E+00 .1986E+00
.5200E+03 .1250E+00 .2173E+00
.5210E+03 .1251E+00 .2193E+00
.5220E+03 .1269E+00 .2245E+00
.5230E+03 .1188E+00 .2121E+00
.5240E+03 .1266E+00 .2281E+00
.5250E+03 .1245E+00 .2262E+00
.5260E+03 .1201E+00 .2205E+00
.5270E+03 .1041E+00 .1927E+00
.5280E+03 .1181E+00 .2209E+00
.5290E+03 .1226E+00 .2311E+00
.5300E+03 .1169E+00 .2226E+00
.5310E+03 .1224E+00 .2352E+00
.5320E+03 .1194E+00 .2315E+00
.5330E+03 .1060E+00 .2072E+00
.5340E+03 .1130E+00 .2226E+00
.5350E+03 .1142E+00 .2267E+00
.5360E+03 .1185E+00 .2370E+00
.5370E+03 .1092E+00 .2200E+00
.5380E+03 .1141E+00 .2316E+00
.5390E+03 .1106E+00 .2264E+00
.5400E+03 .1061E+00 .2183E+00
.5410E+03 .1010E+00 .2081E+00
.5420E+03 .1091E+00 .2266E+00
.5430E+03 .1069E+00 .2257E+00
.5440E+03 .1097E+00 .2322E+00
.5450E+03 .1067E+00 .2279E+00
.5460E+03 .1048E+00 .2241E+00
.5470E+03 .1058E+00 .2292E+00
.5480E+03 .1024E+00 .2239E+00
.5490E+03 .1051E+00 .2320E+00
.5500E+03 .1037E+00 .2309E+00
.5510E+03 .1030E+00 .2314E+00
.5520E+03 .1046E+00 .2368E+00
.5530E+03 .1011E+00 .2304E+00
.5540E+03 .1024E+00 .2352E+00
.5550E+03 .1023E+00 .2367E+00
.5560E+03 .9994E-01 .2328E+00
.5570E+03 .9682E-01 .2273E+00
.5580E+03 .9815E-01 .2321E+00
.5590E+03 .9212E-01 .2195E+00
.5600E+03 .9303E-01 .2237E+00
.5610E+03 .9768E-01 .2369E+00
.5620E+03 .9226E-01 .2255E+00
.5630E+03 .9501E-01 .2339E+00
.5640E+03 .9250E-01 .2292E+00
.5650E+03 .9246E-01 .2306E+00
.5660E+03 .8687E-01 .2180E+00
.5670E+03 .9194E-01 .2319E+00
.5680E+03 .9018E-01 .2269E+00
.5690E+03 .8652E-01 .2147E+00
.5700E+03 .8647E-01 .2177E+00
.5710E+03 .8367E-01 .2143E+00
.5720E+03 .8737E-01 .2226E+00
.5730E+03 .8735E-01 .2239E+00
.5740E+03 .8655E-01 .2229E+00
.5750E+03 .8420E-01 .2173E+00
.5760E+03 .8330E-01 .2162E+00
.5770E+03 .8520E-01 .2224E+00
.5780E+03 .8252E-01 .2176E+00
.5790E+03 .8362E-01 .2229E+00
.5800E+03 .8488E-01 .2291E+00
.5810E+03 .8513E-01 .2322E+00
.5820E+03 .8624E-01 .2375E+00
.5830E+03 .8690E-01 .2415E+00
.5840E+03 .8641E-01 .2418E+00
.5850E+03 .8541E-01 .2404E+00
.5860E+03 .8290E-01 .2339E+00
.5870E+03 .8401E-01 .2359E+00
.5880E+03 .8025E-01 .2189E+00
.5890E+03 .6697E-01 .1744E+00
.5900E+03 .7095E-01 .1859E+00
.5910E+03 .7657E-01 .2071E+00
.5920E+03 .7402E-01 .1999E+00
.5930E+03 .7564E-01 .2113E+00
.5940E+03 .7445E-01 .2089E+00
.5950E+03 .7227E-01 .1994E+00
.5960E+03 .7570E-01 .2194E+00
.5970E+03 .7521E-01 .2184E+00
.5980E+03 .7418E-01 .2196E+00
.5990E+03 .7400E-01 .2227E+00
.6000E+03 .7485E-01 .2299E+00
.6010E+03 .7401E-01 .2312E+00
.6020E+03 .7267E-01 .2287E+00
.6030E+03 .7407E-01 .2350E+00
.6040E+03 .7520E-01 .2398E+00
.6050E+03 .7494E-01 .2404E+00
.6060E+03 .7446E-01 .2405E+00
.6070E+03 .7482E-01 .2432E+00
.6080E+03 .7452E-01 .2435E+00
.6090E+03 .7390E-01 .2425E+00
.6100E+03 .7353E-01 .2421E+00
.6110E+03 .7311E-01 .2415E+00
.6120E+03 .7415E-01 .2456E+00
.6130E+03 .7304E-01 .2425E+00
.6140E+03 .7076E-01 .2358E+00
.6150E+03 .7329E-01 .2453E+00
.6160E+03 .7127E-01 .2395E+00
.6170E+03 .7027E-01 .2369E+00
.6180E+03 .7282E-01 .2462E+00
.6190E+03 .7304E-01 .2477E+00
.6200E+03 .7290E-01 .2476E+00
.6210E+03 .7304E-01 .2477E+00
.6220E+03 .7017E-01 .2356E+00
.6230E+03 .6943E-01 .2310E+00
.6240E+03 .6907E-01 .2321E+00
.6250E+03 .6851E-01 .2328E+00
.6260E+03 .6822E-01 .2325E+00
.6270E+03 .6973E-01 .2361E+00
.6280E+03 .6504E-01 .2043E+00
.6290E+03 .6771E-01 .2248E+00
.6300E+03 .6693E-01 .2234E+00
.6310E+03 .6823E-01 .2347E+00
.6320E+03 .6523E-01 .2250E+00
.6330E+03 .6951E-01 .2440E+00
.6340E+03 .6850E-01 .2436E+00
.6350E+03 .6920E-01 .2474E+00
.6360E+03 .6759E-01 .2431E+00
.6370E+03 .6978E-01 .2520E+00
.6380E+03 .7031E-01 .2563E+00
.6390E+03 .6992E-01 .2562E+00
.6400E+03 .6841E-01 .2523E+00
.6410E+03 .6834E-01 .2532E+00
.6420E+03 .6842E-01 .2549E+00
.6430E+03 .6891E-01 .2568E+00
.6440E+03 .6855E-01 .2570E+00
.6450E+03 .6869E-01 .2568E+00
.6460E+03 .6584E-01 .2422E+00
.6470E+03 .6427E-01 .2296E+00
.6480E+03 .6314E-01 .2256E+00
.6490E+03 .6116E-01 .2189E+00
.6500E+03 .6274E-01 .2348E+00
.6510E+03 .6679E-01 .2520E+00
.6520E+03 .6202E-01 .2238E+00
.6530E+03 .6581E-01 .2500E+00
.6540E+03 .6506E-01 .2481E+00
.6550E+03 .6114E-01 .2301E+00
.6560E+03 .5394E-01 .2048E+00
.6570E+03 .5623E-01 .2142E+00
.6580E+03 .6322E-01 .2449E+00
.6590E+03 .6351E-01 .2469E+00
.6600E+03 .6384E-01 .2476E+00
.6610E+03 .6368E-01 .2459E+00
.6620E+03 .6313E-01 .2417E+00
.6630E+03 .6311E-01 .2441E+00
.6640E+03 .6368E-01 .2515E+00
.6650E+03 .6477E-01 .2595E+00
.6660E+03 .6468E-01 .2620E+00
.6670E+03 .6416E-01 .2622E+00
.6680E+03 .6433E-01 .2649E+00
.6690E+03 .6533E-01 .2702E+00
.6700E+03 .6431E-01 .2673E+00
.6710E+03 .6408E-01 .2673E+00
.6720E+03 .6307E-01 .2640E+00
.6730E+03 .6351E-01 .2668E+00
.6740E+03 .6330E-01 .2669E+00
.6750E+03 .6266E-01 .2652E+00
.6760E+03 .6326E-01 .2687E+00
.6770E+03 .6256E-01 .2665E+00
.6780E+03 .6275E-01 .2682E+00
.6790E+03 .6209E-01 .2663E+00
.6800E+03 .6204E-01 .2670E+00
.6810E+03 .6163E-01 .2661E+00
.6820E+03 .6175E-01 .2676E+00
.6830E+03 .6091E-01 .2648E+00
.6840E+03 .6033E-01 .2629E+00
.6850E+03 .6026E-01 .2639E+00
.6860E+03 .5871E-01 .2574E+00
.6870E+03 .4021E-01 .1098E+00
.6880E+03 .4743E-01 .1576E+00
.6890E+03 .4764E-01 .1596E+00
.6900E+03 .5010E-01 .1789E+00
.6910E+03 .5232E-01 .1995E+00
.6920E+03 .5328E-01 .2114E+00
.6930E+03 .5094E-01 .1971E+00
.6940E+03 .4934E-01 .1941E+00
.6950E+03 .5151E-01 .2136E+00
.6960E+03 .5130E-01 .2141E+00
.6970E+03 .5614E-01 .2469E+00
.6980E+03 .5503E-01 .2422E+00
.6990E+03 .5227E-01 .2216E+00
.7000E+03 .5166E-01 .2191E+00
