Wvlgth Difuse_horizn_irradiance Direct_horizn_irradiance
.3500E+03 .2098E+00 .2334E+00
.3510E+03 .2179E+00 .2452E+00
.3520E+03 .2034E+00 .2315E+00
.3530E+03 .2005E+00 .2334E+00
.3540E+03 .2298E+00 .2726E+00
.3550E+03 .2302E+00 .2768E+00
.3560E+03 .2061E+00 .2518E+00
.3570E+03 .1683E+00 .2086E+00
.3580E+03 .1567E+00 .1973E+00
.3590E+03 .1694E+00 .2164E+00
.3600E+03 .2141E+00 .2769E+00
.3610E+03 .1840E+00 .2418E+00
.3620E+03 .1870E+00 .2492E+00
.3630E+03 .2087E+00 .2819E+00
.3640E+03 .2082E+00 .2850E+00
.3650E+03 .2121E+00 .2943E+00
.3660E+03 .2476E+00 .3483E+00
.3670E+03 .2410E+00 .3437E+00
.3680E+03 .2205E+00 .3186E+00
.3690E+03 .2268E+00 .3320E+00
.3700E+03 .2447E+00 .3629E+00
.3710E+03 .2226E+00 .3344E+00
.3720E+03 .2144E+00 .3264E+00
.3730E+03 .1949E+00 .3005E+00
.3740E+03 .1736E+00 .2710E+00
.3750E+03 .1822E+00 .2880E+00
.3760E+03 .2066E+00 .3308E+00
.3770E+03 .2161E+00 .3503E+00
.3780E+03 .2572E+00 .4223E+00
.3790E+03 .2215E+00 .3683E+00
.3800E+03 .2068E+00 .3481E+00
.3810E+03 .2235E+00 .3807E+00
.3820E+03 .1702E+00 .2934E+00
.3830E+03 .1309E+00 .2282E+00
.3840E+03 .1453E+00 .2563E+00
.3850E+03 .1903E+00 .3397E+00
.3860E+03 .1739E+00 .3140E+00
.3870E+03 .1809E+00 .3304E+00
.3880E+03 .1750E+00 .3234E+00
.3890E+03 .1870E+00 .3496E+00
.3900E+03 .2156E+00 .4076E+00
.3910E+03 .2284E+00 .4365E+00
.3920E+03 .2114E+00 .4087E+00
.3930E+03 .1265E+00 .2473E+00
.3940E+03 .1296E+00 .2561E+00
.3950E+03 .2093E+00 .4183E+00
.3960E+03 .1944E+00 .3928E+00
.3970E+03 .1086E+00 .2218E+00
.3980E+03 .2154E+00 .4447E+00
.3990E+03 .2679E+00 .5590E+00
.4000E+03 .2767E+00 .5838E+00
.4010E+03 .2828E+00 .6093E+00
.4020E+03 .2917E+00 .6348E+00
.4030E+03 .2786E+00 .6126E+00
.4040E+03 .2808E+00 .6238E+00
.4050E+03 .2717E+00 .6098E+00
.4060E+03 .2630E+00 .5959E+00
.4070E+03 .2563E+00 .5865E+00
.4080E+03 .2654E+00 .6137E+00
.4090E+03 .2812E+00 .6568E+00
.4100E+03 .2378E+00 .5609E+00
.4110E+03 .2642E+00 .6291E+00
.4120E+03 .2787E+00 .6699E+00
.4130E+03 .2652E+00 .6439E+00
.4140E+03 .2603E+00 .6380E+00
.4150E+03 .2674E+00 .6617E+00
.4160E+03 .2734E+00 .6827E+00
.4170E+03 .2646E+00 .6671E+00
.4180E+03 .2511E+00 .6392E+00
.4190E+03 .2594E+00 .6665E+00
.4200E+03 .2359E+00 .6118E+00
.4210E+03 .2660E+00 .6961E+00
.4220E+03 .2604E+00 .6878E+00
.4230E+03 .2502E+00 .6671E+00
.4240E+03 .2469E+00 .6646E+00
.4250E+03 .2526E+00 .6861E+00
.4260E+03 .2437E+00 .6677E+00
.4270E+03 .2337E+00 .6460E+00
.4280E+03 .2342E+00 .6533E+00
.4290E+03 .2154E+00 .6058E+00
.4300E+03 .1706E+00 .4840E+00
.4310E+03 .1537E+00 .4401E+00
.4320E+03 .2538E+00 .7331E+00
.4330E+03 .2345E+00 .6832E+00
.4340E+03 .2150E+00 .6320E+00
.4350E+03 .2342E+00 .6943E+00
.4360E+03 .2550E+00 .7624E+00
.4370E+03 .2585E+00 .7792E+00
.4380E+03 .2252E+00 .6847E+00
.4390E+03 .2150E+00 .6597E+00
.4400E+03 .2447E+00 .7572E+00
.4410E+03 .2397E+00 .7479E+00
.4420E+03 .2546E+00 .8013E+00
.4430E+03 .2559E+00 .8127E+00
.4440E+03 .2480E+00 .7937E+00
.4450E+03 .2556E+00 .8247E+00
.4460E+03 .2277E+00 .7402E+00
.4470E+03 .2573E+00 .8432E+00
.4480E+03 .2586E+00 .8545E+00
.4490E+03 .2563E+00 .8535E+00
.4500E+03 .2639E+00 .8858E+00
.4510E+03 .2718E+00 .9198E+00
.4520E+03 .2584E+00 .8815E+00
.4530E+03 .2371E+00 .8149E+00
.4540E+03 .2526E+00 .8749E+00
.4550E+03 .2490E+00 .8696E+00
.4560E+03 .2555E+00 .8992E+00
.4570E+03 .2558E+00 .9077E+00
.4580E+03 .2486E+00 .8893E+00
.4590E+03 .2449E+00 .8832E+00
.4600E+03 .2416E+00 .8785E+00
.4610E+03 .2483E+00 .9102E+00
.4620E+03 .2490E+00 .9195E+00
.4630E+03 .2482E+00 .9235E+00
.4640E+03 .2392E+00 .8961E+00
.4650E+03 .2348E+00 .8856E+00
.4660E+03 .2383E+00 .9051E+00
.4670E+03 .2261E+00 .8656E+00
.4680E+03 .2344E+00 .9040E+00
.4690E+03 .2338E+00 .9086E+00
.4700E+03 .2231E+00 .8740E+00
.4710E+03 .2255E+00 .8896E+00
.4720E+03 .2357E+00 .9366E+00
.4730E+03 .2251E+00 .9010E+00
.4740E+03 .2262E+00 .9122E+00
.4750E+03 .2320E+00 .9432E+00
.4760E+03 .2226E+00 .9121E+00
.4770E+03 .2223E+00 .9185E+00
.4780E+03 .2280E+00 .9490E+00
.4790E+03 .2222E+00 .9315E+00
.4800E+03 .2244E+00 .9477E+00
.4810E+03 .2230E+00 .9483E+00
.4820E+03 .2224E+00 .9525E+00
.4830E+03 .2185E+00 .9415E+00
.4840E+03 .2131E+00 .9242E+00
.4850E+03 .2111E+00 .9214E+00
.4860E+03 .1702E+00 .7474E+00
.4870E+03 .1895E+00 .8376E+00
.4880E+03 .2038E+00 .9071E+00
.4890E+03 .1907E+00 .8550E+00
.4900E+03 .2119E+00 .9561E+00
.4910E+03 .2024E+00 .9196E+00
.4920E+03 .1918E+00 .8773E+00
.4930E+03 .2040E+00 .9389E+00
.4940E+03 .1979E+00 .9171E+00
.4950E+03 .2089E+00 .9742E+00
.4960E+03 .1974E+00 .9270E+00
.4970E+03 .1995E+00 .9434E+00
.4980E+03 .1928E+00 .9182E+00
.4990E+03 .1915E+00 .9188E+00
.5000E+03 .1896E+00 .9160E+00
.5010E+03 .1825E+00 .8886E+00
.5020E+03 .1808E+00 .8878E+00
.5030E+03 .1874E+00 .9281E+00
.5040E+03 .1716E+00 .8587E+00
.5050E+03 .1848E+00 .9284E+00
.5060E+03 .1906E+00 .9647E+00
.5070E+03 .1811E+00 .9227E+00
.5080E+03 .1758E+00 .9006E+00
.5090E+03 .1835E+00 .9452E+00
.5100E+03 .1779E+00 .9218E+00
.5110E+03 .1805E+00 .9406E+00
.5120E+03 .1843E+00 .9665E+00
.5130E+03 .1721E+00 .9087E+00
.5140E+03 .1675E+00 .8901E+00
.5150E+03 .1713E+00 .9163E+00
.5160E+03 .1718E+00 .9252E+00
.5170E+03 .1392E+00 .7543E+00
.5180E+03 .1582E+00 .8631E+00
.5190E+03 .1524E+00 .8368E+00
.5200E+03 .1653E+00 .9141E+00
.5210E+03 .1655E+00 .9213E+00
.5220E+03 .1682E+00 .9425E+00
.5230E+03 .1576E+00 .8888E+00
.5240E+03 .1683E+00 .9560E+00
.5250E+03 .1658E+00 .9490E+00
.5260E+03 .1603E+00 .9235E+00
.5270E+03 .1392E+00 .8079E+00
.5280E+03 .1584E+00 .9258E+00
.5290E+03 .1647E+00 .9692E+00
.5300E+03 .1573E+00 .9320E+00
.5310E+03 .1649E+00 .9836E+00
.5320E+03 .1610E+00 .9663E+00
.5330E+03 .1430E+00 .8633E+00
.5340E+03 .1523E+00 .9251E+00
.5350E+03 .1538E+00 .9395E+00
.5360E+03 .1595E+00 .9800E+00
.5370E+03 .1468E+00 .9071E+00
.5380E+03 .1533E+00 .9527E+00
.5390E+03 .1486E+00 .9294E+00
.5400E+03 .1425E+00 .8970E+00
.5410E+03 .1358E+00 .8607E+00
.5420E+03 .1469E+00 .9370E+00
.5430E+03 .1441E+00 .9242E+00
.5440E+03 .1480E+00 .9553E+00
.5450E+03 .1440E+00 .9348E+00
.5460E+03 .1414E+00 .9247E+00
.5470E+03 .1429E+00 .9391E+00
.5480E+03 .1382E+00 .9135E+00
.5490E+03 .1419E+00 .9428E+00
.5500E+03 .1400E+00 .9358E+00
.5510E+03 .1392E+00 .9355E+00
.5520E+03 .1413E+00 .9552E+00
.5530E+03 .1366E+00 .9285E+00
.5540E+03 .1385E+00 .9472E+00
.5550E+03 .1385E+00 .9528E+00
.5560E+03 .1354E+00 .9369E+00
.5570E+03 .1313E+00 .9143E+00
.5580E+03 .1334E+00 .9345E+00
.5590E+03 .1255E+00 .8846E+00
.5600E+03 .1270E+00 .9006E+00
.5610E+03 .1336E+00 .9533E+00
.5620E+03 .1264E+00 .9080E+00
.5630E+03 .1305E+00 .9427E+00
.5640E+03 .1272E+00 .9246E+00
.5650E+03 .1273E+00 .9308E+00
.5660E+03 .1197E+00 .8805E+00
.5670E+03 .1268E+00 .9386E+00
.5680E+03 .1245E+00 .9281E+00
.5690E+03 .1196E+00 .8992E+00
.5700E+03 .1196E+00 .9035E+00
.5710E+03 .1158E+00 .8785E+00
.5720E+03 .1211E+00 .9249E+00
.5730E+03 .1210E+00 .9298E+00
.5740E+03 .1199E+00 .9259E+00
.5750E+03 .1165E+00 .9051E+00
.5760E+03 .1151E+00 .8986E+00
.5770E+03 .1176E+00 .9219E+00
.5780E+03 .1137E+00 .8949E+00
.5790E+03 .1150E+00 .9085E+00
.5800E+03 .1165E+00 .9237E+00
.5810E+03 .1166E+00 .9281E+00
.5820E+03 .1179E+00 .9421E+00
.5830E+03 .1186E+00 .9516E+00
.5840E+03 .1177E+00 .9491E+00
.5850E+03 .1162E+00 .9414E+00
.5860E+03 .1127E+00 .9176E+00
.5870E+03 .1141E+00 .9351E+00
.5880E+03 .1090E+00 .9020E+00
.5890E+03 .9088E-01 .7630E+00
.5900E+03 .9627E-01 .8120E+00
.5910E+03 .1039E+00 .8773E+00
.5920E+03 .1006E+00 .8549E+00
.5930E+03 .1029E+00 .8758E+00
.5940E+03 .1015E+00 .8691E+00
.5950E+03 .9869E-01 .8525E+00
.5960E+03 .1036E+00 .8934E+00
.5970E+03 .1031E+00 .8948E+00
.5980E+03 .1019E+00 .8873E+00
.5990E+03 .1018E+00 .8902E+00
.6000E+03 .1031E+00 .9041E+00
.6010E+03 .1020E+00 .8975E+00
.6020E+03 .1002E+00 .8852E+00
.6030E+03 .1020E+00 .9053E+00
.6040E+03 .1034E+00 .9220E+00
.6050E+03 .1029E+00 .9209E+00
.6060E+03 .1020E+00 .9162E+00
.6070E+03 .1022E+00 .9215E+00
.6080E+03 .1015E+00 .9184E+00
.6090E+03 .1003E+00 .9115E+00
.6100E+03 .9953E-01 .9076E+00
.6110E+03 .9865E-01 .9030E+00
.6120E+03 .9974E-01 .9166E+00
.6130E+03 .9795E-01 .9037E+00
.6140E+03 .9461E-01 .8762E+00
.6150E+03 .9772E-01 .9084E+00
.6160E+03 .9477E-01 .8844E+00
.6170E+03 .9320E-01 .8732E+00
.6180E+03 .9636E-01 .9064E+00
.6190E+03 .9642E-01 .9107E+00
.6200E+03 .9605E-01 .9112E+00
.6210E+03 .9605E-01 .9156E+00
.6220E+03 .9211E-01 .8835E+00
.6230E+03 .9097E-01 .8778E+00
.6240E+03 .9035E-01 .8746E+00
.6250E+03 .8946E-01 .8683E+00
.6260E+03 .8891E-01 .8666E+00
.6270E+03 .9071E-01 .8890E+00
.6280E+03 .8444E-01 .8406E+00
.6290E+03 .8773E-01 .8700E+00
.6300E+03 .8654E-01 .8613E+00
.6310E+03 .8804E-01 .8761E+00
.6320E+03 .8400E-01 .8393E+00
.6330E+03 .8932E-01 .8939E+00
.6340E+03 .8784E-01 .8812E+00
.6350E+03 .8854E-01 .8913E+00
.6360E+03 .8628E-01 .8713E+00
.6370E+03 .8887E-01 .9008E+00
.6380E+03 .8933E-01 .9080E+00
.6390E+03 .8863E-01 .9039E+00
.6400E+03 .8651E-01 .8851E+00
.6410E+03 .8623E-01 .8852E+00
.6420E+03 .8614E-01 .8872E+00
.6430E+03 .8656E-01 .8951E+00
.6440E+03 .8593E-01 .8916E+00
.6450E+03 .8595E-01 .8959E+00
.6460E+03 .8222E-01 .8629E+00
.6470E+03 .8011E-01 .8484E+00
.6480E+03 .7857E-01 .8360E+00
.6490E+03 .7597E-01 .8113E+00
.6500E+03 .7781E-01 .8287E+00
.6510E+03 .8270E-01 .8831E+00
.6520E+03 .7667E-01 .8287E+00
.6530E+03 .8121E-01 .8738E+00
.6540E+03 .8015E-01 .8653E+00
.6550E+03 .7520E-01 .8177E+00
.6560E+03 .6624E-01 .7215E+00
.6570E+03 .6893E-01 .7538E+00
.6580E+03 .7737E-01 .8474E+00
.6590E+03 .7760E-01 .8528E+00
.6600E+03 .7788E-01 .8596E+00
.6610E+03 .7757E-01 .8603E+00
.6620E+03 .7678E-01 .8562E+00
.6630E+03 .7663E-01 .8567E+00
.6640E+03 .7720E-01 .8637E+00
.6650E+03 .7839E-01 .8787E+00
.6660E+03 .7813E-01 .8778E+00
.6670E+03 .7735E-01 .8713E+00
.6680E+03 .7743E-01 .8745E+00
.6690E+03 .7849E-01 .8894E+00
.6700E+03 .7715E-01 .8772E+00
.6710E+03 .7675E-01 .8755E+00
.6720E+03 .7542E-01 .8632E+00
.6730E+03 .7581E-01 .8706E+00
.6740E+03 .7544E-01 .8694E+00
.6750E+03 .7457E-01 .8622E+00
.6760E+03 .7518E-01 .8722E+00
.6770E+03 .7423E-01 .8642E+00
.6780E+03 .7436E-01 .8688E+00
.6790E+03 .7348E-01 .8614E+00
.6800E+03 .7333E-01 .8627E+00
.6810E+03 .7277E-01 .8591E+00
.6820E+03 .7284E-01 .8630E+00
.6830E+03 .7178E-01 .8535E+00
.6840E+03 .7103E-01 .8476E+00
.6850E+03 .7087E-01 .8485E+00
.6860E+03 .6898E-01 .8290E+00
.6870E+03 .4718E-01 .6103E+00
.6880E+03 .5558E-01 .7011E+00
.6890E+03 .5575E-01 .7051E+00
.6900E+03 .5856E-01 .7366E+00
.6910E+03 .6107E-01 .7637E+00
.6920E+03 .6210E-01 .7753E+00
.6930E+03 .5931E-01 .7472E+00
.6940E+03 .5738E-01 .7257E+00
.6950E+03 .5982E-01 .7526E+00
.6960E+03 .5951E-01 .7507E+00
.6970E+03 .6504E-01 .8152E+00
.6980E+03 .6368E-01 .8012E+00
.6990E+03 .6043E-01 .7686E+00
.7000E+03 .5965E-01 .7618E+00