Wvlgth Difuse_horizn_irradiance Direct_horizn_irradiance
.3500E+03 .1874E+00 .1534E+00
.3510E+03 .1947E+00 .1616E+00
.3520E+03 .1819E+00 .1528E+00
.3530E+03 .1796E+00 .1545E+00
.3540E+03 .2062E+00 .1808E+00
.3550E+03 .2067E+00 .1840E+00
.3560E+03 .1853E+00 .1678E+00
.3570E+03 .1514E+00 .1393E+00
.3580E+03 .1411E+00 .1320E+00
.3590E+03 .1527E+00 .1450E+00
.3600E+03 .1930E+00 .1859E+00
.3610E+03 .1661E+00 .1626E+00
.3620E+03 .1690E+00 .1681E+00
.3630E+03 .1887E+00 .1906E+00
.3640E+03 .1885E+00 .1931E+00
.3650E+03 .1921E+00 .1998E+00
.3660E+03 .2245E+00 .2369E+00
.3670E+03 .2187E+00 .2342E+00
.3680E+03 .2002E+00 .2175E+00
.3690E+03 .2061E+00 .2270E+00
.3700E+03 .2226E+00 .2487E+00
.3710E+03 .2026E+00 .2296E+00
.3720E+03 .1953E+00 .2244E+00
.3730E+03 .1777E+00 .2070E+00
.3740E+03 .1584E+00 .1870E+00
.3750E+03 .1663E+00 .1991E+00
.3760E+03 .1888E+00 .2290E+00
.3770E+03 .1975E+00 .2429E+00
.3780E+03 .2354E+00 .2932E+00
.3790E+03 .2029E+00 .2561E+00
.3800E+03 .1895E+00 .2424E+00
.3810E+03 .2049E+00 .2655E+00
.3820E+03 .1562E+00 .2050E+00
.3830E+03 .1202E+00 .1597E+00
.3840E+03 .1335E+00 .1797E+00
.3850E+03 .1750E+00 .2385E+00
.3860E+03 .1600E+00 .2208E+00
.3870E+03 .1665E+00 .2327E+00
.3880E+03 .1612E+00 .2280E+00
.3890E+03 .1724E+00 .2468E+00
.3900E+03 .1989E+00 .2882E+00
.3910E+03 .2108E+00 .3091E+00
.3920E+03 .1952E+00 .2898E+00
.3930E+03 .1169E+00 .1756E+00
.3940E+03 .1198E+00 .1821E+00
.3950E+03 .1937E+00 .2978E+00
.3960E+03 .1800E+00 .2799E+00
.3970E+03 .1006E+00 .1583E+00
.3980E+03 .1996E+00 .3177E+00
.3990E+03 .2484E+00 .4000E+00
.4000E+03 .2568E+00 .4181E+00
.4010E+03 .2622E+00 .4370E+00
.4020E+03 .2706E+00 .4558E+00
.4030E+03 .2586E+00 .4404E+00
.4040E+03 .2608E+00 .4490E+00
.4050E+03 .2525E+00 .4393E+00
.4060E+03 .2445E+00 .4299E+00
.4070E+03 .2384E+00 .4236E+00
.4080E+03 .2470E+00 .4436E+00
.4090E+03 .2619E+00 .4752E+00
.4100E+03 .2216E+00 .4063E+00
.4110E+03 .2462E+00 .4562E+00
.4120E+03 .2599E+00 .4864E+00
.4130E+03 .2475E+00 .4678E+00
.4140E+03 .2430E+00 .4641E+00
.4150E+03 .2498E+00 .4818E+00
.4160E+03 .2554E+00 .4977E+00
.4170E+03 .2473E+00 .4868E+00
.4180E+03 .2349E+00 .4669E+00
.4190E+03 .2427E+00 .4873E+00
.4200E+03 .2208E+00 .4477E+00
.4210E+03 .2491E+00 .5098E+00
.4220E+03 .2439E+00 .5042E+00
.4230E+03 .2345E+00 .4895E+00
.4240E+03 .2315E+00 .4880E+00
.4250E+03 .2370E+00 .5043E+00
.4260E+03 .2287E+00 .4913E+00
.4270E+03 .2194E+00 .4757E+00
.4280E+03 .2200E+00 .4814E+00
.4290E+03 .2024E+00 .4469E+00
.4300E+03 .1603E+00 .3574E+00
.4310E+03 .1445E+00 .3251E+00
.4320E+03 .2388E+00 .5422E+00
.4330E+03 .2206E+00 .5056E+00
.4340E+03 .2024E+00 .4681E+00
.4350E+03 .2205E+00 .5145E+00
.4360E+03 .2403E+00 .5655E+00
.4370E+03 .2436E+00 .5785E+00
.4380E+03 .2123E+00 .5088E+00
.4390E+03 .2027E+00 .4903E+00
.4400E+03 .2308E+00 .5633E+00
.4410E+03 .2261E+00 .5569E+00
.4420E+03 .2402E+00 .5971E+00
.4430E+03 .2415E+00 .6056E+00
.4440E+03 .2342E+00 .5920E+00
.4450E+03 .2414E+00 .6153E+00
.4460E+03 .2152E+00 .5529E+00
.4470E+03 .2433E+00 .6304E+00
.4480E+03 .2445E+00 .6390E+00
.4490E+03 .2424E+00 .6390E+00
.4500E+03 .2496E+00 .6637E+00
.4510E+03 .2572E+00 .6896E+00
.4520E+03 .2447E+00 .6613E+00
.4530E+03 .2245E+00 .6117E+00
.4540E+03 .2393E+00 .6573E+00
.4550E+03 .2360E+00 .6536E+00
.4560E+03 .2421E+00 .6763E+00
.4570E+03 .2424E+00 .6831E+00
.4580E+03 .2355E+00 .6695E+00
.4590E+03 .2320E+00 .6653E+00
.4600E+03 .2289E+00 .6620E+00
.4610E+03 .2353E+00 .6863E+00
.4620E+03 .2361E+00 .6938E+00
.4630E+03 .2354E+00 .6970E+00
.4640E+03 .2270E+00 .6768E+00
.4650E+03 .2229E+00 .6695E+00
.4660E+03 .2263E+00 .6846E+00
.4670E+03 .2148E+00 .6549E+00
.4680E+03 .2226E+00 .6843E+00
.4690E+03 .2221E+00 .6880E+00
.4700E+03 .2120E+00 .6620E+00
.4710E+03 .2143E+00 .6742E+00
.4720E+03 .2240E+00 .7100E+00
.4730E+03 .2140E+00 .6833E+00
.4740E+03 .2151E+00 .6918E+00
.4750E+03 .2207E+00 .7154E+00
.4760E+03 .2116E+00 .6917E+00
.4770E+03 .2114E+00 .6967E+00
.4780E+03 .2167E+00 .7203E+00
.4790E+03 .2111E+00 .7075E+00
.4800E+03 .2131E+00 .7204E+00
.4810E+03 .2117E+00 .7214E+00
.4820E+03 .2112E+00 .7252E+00
.4830E+03 .2075E+00 .7174E+00
.4840E+03 .2025E+00 .7046E+00
.4850E+03 .2007E+00 .7027E+00
.4860E+03 .1619E+00 .5704E+00
.4870E+03 .1803E+00 .6396E+00
.4880E+03 .1940E+00 .6928E+00
.4890E+03 .1815E+00 .6532E+00
.4900E+03 .2016E+00 .7308E+00
.4910E+03 .1926E+00 .7033E+00
.4920E+03 .1826E+00 .6712E+00
.4930E+03 .1941E+00 .7186E+00
.4940E+03 .1884E+00 .7021E+00
.4950E+03 .1988E+00 .7462E+00
.4960E+03 .1879E+00 .7102E+00
.4970E+03 .1899E+00 .7230E+00
.4980E+03 .1835E+00 .7040E+00
.4990E+03 .1822E+00 .7046E+00
.5000E+03 .1802E+00 .7026E+00
.5010E+03 .1734E+00 .6816E+00
.5020E+03 .1717E+00 .6807E+00
.5030E+03 .1779E+00 .7112E+00
.5040E+03 .1628E+00 .6559E+00
.5050E+03 .1753E+00 .7117E+00
.5060E+03 .1809E+00 .7394E+00
.5070E+03 .1719E+00 .7073E+00
.5080E+03 .1670E+00 .6911E+00
.5090E+03 .1743E+00 .7259E+00
.5100E+03 .1691E+00 .7084E+00
.5110E+03 .1715E+00 .7235E+00
.5120E+03 .1752E+00 .7438E+00
.5130E+03 .1636E+00 .6997E+00
.5140E+03 .1592E+00 .6857E+00
.5150E+03 .1628E+00 .7060E+00
.5160E+03 .1633E+00 .7131E+00
.5170E+03 .1322E+00 .5816E+00
.5180E+03 .1503E+00 .6656E+00
.5190E+03 .1448E+00 .6455E+00
.5200E+03 .1571E+00 .7052E+00
.5210E+03 .1573E+00 .7108E+00
.5220E+03 .1597E+00 .7273E+00
.5230E+03 .1496E+00 .6860E+00
.5240E+03 .1597E+00 .7378E+00
.5250E+03 .1573E+00 .7323E+00
.5260E+03 .1520E+00 .7128E+00
.5270E+03 .1320E+00 .6235E+00
.5280E+03 .1501E+00 .7145E+00
.5290E+03 .1560E+00 .7480E+00
.5300E+03 .1490E+00 .7194E+00
.5310E+03 .1561E+00 .7593E+00
.5320E+03 .1524E+00 .7462E+00
.5330E+03 .1353E+00 .6668E+00
.5340E+03 .1441E+00 .7147E+00
.5350E+03 .1456E+00 .7261E+00
.5360E+03 .1510E+00 .7577E+00
.5370E+03 .1390E+00 .7016E+00
.5380E+03 .1451E+00 .7370E+00
.5390E+03 .1407E+00 .7192E+00
.5400E+03 .1349E+00 .6940E+00
.5410E+03 .1285E+00 .6654E+00
.5420E+03 .1390E+00 .7244E+00
.5430E+03 .1364E+00 .7154E+00
.5440E+03 .1400E+00 .7390E+00
.5450E+03 .1362E+00 .7235E+00
.5460E+03 .1338E+00 .7151E+00
.5470E+03 .1351E+00 .7269E+00
.5480E+03 .1307E+00 .7075E+00
.5490E+03 .1342E+00 .7305E+00
.5500E+03 .1324E+00 .7253E+00
.5510E+03 .1316E+00 .7253E+00
.5520E+03 .1336E+00 .7408E+00
.5530E+03 .1291E+00 .7202E+00
.5540E+03 .1309E+00 .7348E+00
.5550E+03 .1309E+00 .7391E+00
.5560E+03 .1279E+00 .7268E+00
.5570E+03 .1241E+00 .7093E+00
.5580E+03 .1260E+00 .7249E+00
.5590E+03 .1184E+00 .6861E+00
.5600E+03 .1198E+00 .6986E+00
.5610E+03 .1260E+00 .7395E+00
.5620E+03 .1192E+00 .7043E+00
.5630E+03 .1230E+00 .7312E+00
.5640E+03 .1198E+00 .7170E+00
.5650E+03 .1199E+00 .7218E+00
.5660E+03 .1127E+00 .6827E+00
.5670E+03 .1194E+00 .7275E+00
.5680E+03 .1172E+00 .7184E+00
.5690E+03 .1125E+00 .6938E+00
.5700E+03 .1125E+00 .6980E+00
.5710E+03 .1090E+00 .6798E+00
.5720E+03 .1139E+00 .7144E+00
.5730E+03 .1138E+00 .7183E+00
.5740E+03 .1128E+00 .7153E+00
.5750E+03 .1096E+00 .6990E+00
.5760E+03 .1083E+00 .6941E+00
.5770E+03 .1107E+00 .7124E+00
.5780E+03 .1070E+00 .6922E+00
.5790E+03 .1083E+00 .7036E+00
.5800E+03 .1097E+00 .7163E+00
.5810E+03 .1099E+00 .7205E+00
.5820E+03 .1111E+00 .7321E+00
.5830E+03 .1118E+00 .7402E+00
.5840E+03 .1111E+00 .7386E+00
.5850E+03 .1097E+00 .7328E+00
.5860E+03 .1064E+00 .7141E+00
.5870E+03 .1077E+00 .7267E+00
.5880E+03 .1029E+00 .6973E+00
.5890E+03 .8580E-01 .5845E+00
.5900E+03 .9089E-01 .6224E+00
.5910E+03 .9812E-01 .6756E+00
.5920E+03 .9492E-01 .6571E+00
.5930E+03 .9711E-01 .6762E+00
.5940E+03 .9573E-01 .6704E+00
.5950E+03 .9305E-01 .6553E+00
.5960E+03 .9762E-01 .6916E+00
.5970E+03 .9712E-01 .6920E+00
.5980E+03 .9595E-01 .6877E+00
.5990E+03 .9585E-01 .6909E+00
.6000E+03 .9704E-01 .7033E+00
.6010E+03 .9600E-01 .6994E+00
.6020E+03 .9425E-01 .6900E+00
.6030E+03 .9601E-01 .7062E+00
.6040E+03 .9737E-01 .7193E+00
.6050E+03 .9689E-01 .7188E+00
.6060E+03 .9608E-01 .7157E+00
.6070E+03 .9634E-01 .7204E+00
.6080E+03 .9572E-01 .7184E+00
.6090E+03 .9469E-01 .7133E+00
.6100E+03 .9398E-01 .7105E+00
.6110E+03 .9320E-01 .7071E+00
.6120E+03 .9429E-01 .7179E+00
.6130E+03 .9265E-01 .7080E+00
.6140E+03 .8954E-01 .6867E+00
.6150E+03 .9253E-01 .7122E+00
.6160E+03 .8979E-01 .6937E+00
.6170E+03 .8834E-01 .6851E+00
.6180E+03 .9137E-01 .7112E+00
.6190E+03 .9147E-01 .7147E+00
.6200E+03 .9116E-01 .7150E+00
.6210E+03 .9119E-01 .7181E+00
.6220E+03 .8748E-01 .6916E+00
.6230E+03 .8642E-01 .6859E+00
.6240E+03 .8586E-01 .6841E+00
.6250E+03 .8504E-01 .6802E+00
.6260E+03 .8455E-01 .6789E+00
.6270E+03 .8629E-01 .6955E+00
.6280E+03 .8036E-01 .6501E+00
.6290E+03 .8352E-01 .6782E+00
.6300E+03 .8241E-01 .6717E+00
.6310E+03 .8388E-01 .6862E+00
.6320E+03 .8006E-01 .6574E+00
.6330E+03 .8516E-01 .7019E+00
.6340E+03 .8378E-01 .6930E+00
.6350E+03 .8449E-01 .7013E+00
.6360E+03 .8236E-01 .6861E+00
.6370E+03 .8488E-01 .7096E+00
.6380E+03 .8536E-01 .7161E+00
.6390E+03 .8472E-01 .7132E+00
.6400E+03 .8274E-01 .6989E+00
.6410E+03 .8250E-01 .6993E+00
.6420E+03 .8245E-01 .7013E+00
.6430E+03 .8288E-01 .7075E+00
.6440E+03 .8231E-01 .7050E+00
.6450E+03 .8236E-01 .7079E+00
.6460E+03 .7882E-01 .6799E+00
.6470E+03 .7682E-01 .6650E+00
.6480E+03 .7537E-01 .6547E+00
.6490E+03 .7290E-01 .6355E+00
.6500E+03 .7469E-01 .6535E+00
.6510E+03 .7940E-01 .6973E+00
.6520E+03 .7363E-01 .6488E+00
.6530E+03 .7802E-01 .6900E+00
.6540E+03 .7702E-01 .6836E+00
.6550E+03 .7229E-01 .6439E+00
.6560E+03 .6369E-01 .5693E+00
.6570E+03 .6631E-01 .5948E+00
.6580E+03 .7445E-01 .6701E+00
.6590E+03 .7469E-01 .6747E+00
.6600E+03 .7498E-01 .6796E+00
.6610E+03 .7470E-01 .6795E+00
.6620E+03 .7396E-01 .6751E+00
.6630E+03 .7384E-01 .6764E+00
.6640E+03 .7441E-01 .6839E+00
.6650E+03 .7558E-01 .6970E+00
.6660E+03 .7536E-01 .6973E+00
.6670E+03 .7464E-01 .6929E+00
.6680E+03 .7473E-01 .6960E+00
.6690E+03 .7578E-01 .7082E+00
.6700E+03 .7451E-01 .6987E+00
.6710E+03 .7414E-01 .6976E+00
.6720E+03 .7288E-01 .6880E+00
.6730E+03 .7328E-01 .6940E+00
.6740E+03 .7295E-01 .6932E+00
.6750E+03 .7212E-01 .6876E+00
.6760E+03 .7273E-01 .6958E+00
.6770E+03 .7183E-01 .6895E+00
.6780E+03 .7198E-01 .6932E+00
.6790E+03 .7114E-01 .6874E+00
.6800E+03 .7102E-01 .6886E+00
.6810E+03 .7049E-01 .6858E+00
.6820E+03 .7057E-01 .6890E+00
.6830E+03 .6956E-01 .6815E+00
.6840E+03 .6883E-01 .6767E+00
.6850E+03 .6869E-01 .6777E+00
.6860E+03 .6687E-01 .6620E+00
.6870E+03 .4575E-01 .4542E+00
.6880E+03 .5391E-01 .5370E+00
.6890E+03 .5409E-01 .5406E+00
.6900E+03 .5683E-01 .5698E+00
.6910E+03 .5928E-01 .5964E+00
.6920E+03 .6030E-01 .6086E+00
.6930E+03 .5760E-01 .5832E+00
.6940E+03 .5573E-01 .5661E+00
.6950E+03 .5812E-01 .5924E+00
.6960E+03 .5783E-01 .5913E+00
.6970E+03 .6322E-01 .6486E+00
.6980E+03 .6191E-01 .6373E+00
.6990E+03 .5876E-01 .6067E+00
.7000E+03 .5802E-01 .6010E+00