Wvlgth Difuse_horizn_irradiance Direct_horizn_irradiance
.3500E+03 .8243E-01 .6583E-02
.3510E+03 .8577E-01 .7070E-02
.3520E+03 .8020E-01 .6831E-02
.3530E+03 .8010E-01 .7077E-02
.3540E+03 .9265E-01 .8427E-02
.3550E+03 .9320E-01 .8753E-02
.3560E+03 .8406E-01 .8179E-02
.3570E+03 .6898E-01 .6904E-02
.3580E+03 .6465E-01 .6660E-02
.3590E+03 .7025E-01 .7446E-02
.3600E+03 .8907E-01 .9707E-02
.3610E+03 .7712E-01 .8662E-02
.3620E+03 .7889E-01 .9183E-02
.3630E+03 .8852E-01 .1066E-01
.3640E+03 .8878E-01 .1103E-01
.3650E+03 .9089E-01 .1161E-01
.3660E+03 .1067E+00 .1403E-01
.3670E+03 .1045E+00 .1412E-01
.3680E+03 .9603E-01 .1332E-01
.3690E+03 .9927E-01 .1417E-01
.3700E+03 .1077E+00 .1581E-01
.3710E+03 .9847E-01 .1486E-01
.3720E+03 .9536E-01 .1474E-01
.3730E+03 .8713E-01 .1383E-01
.3740E+03 .7800E-01 .1271E-01
.3750E+03 .8226E-01 .1374E-01
.3760E+03 .9378E-01 .1603E-01
.3770E+03 .9856E-01 .1725E-01
.3780E+03 .1179E+00 .2112E-01
.3790E+03 .1021E+00 .1867E-01
.3800E+03 .9576E-01 .1788E-01
.3810E+03 .1040E+00 .1992E-01
.3820E+03 .7959E-01 .1565E-01
.3830E+03 .6149E-01 .1240E-01
.3840E+03 .6859E-01 .1415E-01
.3850E+03 .9028E-01 .1905E-01
.3860E+03 .8290E-01 .1791E-01
.3870E+03 .8663E-01 .1914E-01
.3880E+03 .8421E-01 .1901E-01
.3890E+03 .9042E-01 .2085E-01
.3900E+03 .1047E+00 .2468E-01
.3910E+03 .1114E+00 .2682E-01
.3920E+03 .1036E+00 .2543E-01
.3930E+03 .6230E-01 .1563E-01
.3940E+03 .6411E-01 .1641E-01
.3950E+03 .1040E+00 .2717E-01
.3960E+03 .9704E-01 .2582E-01
.3970E+03 .5446E-01 .1480E-01
.3980E+03 .1085E+00 .3000E-01
.3990E+03 .1356E+00 .3828E-01
.4000E+03 .1406E+00 .4039E-01
.4010E+03 .1433E+00 .4271E-01
.4020E+03 .1484E+00 .4512E-01
.4030E+03 .1424E+00 .4412E-01
.4040E+03 .1441E+00 .4542E-01
.4050E+03 .1401E+00 .4488E-01
.4060E+03 .1361E+00 .4445E-01
.4070E+03 .1331E+00 .4432E-01
.4080E+03 .1384E+00 .4679E-01
.4090E+03 .1472E+00 .5063E-01
.4100E+03 .1250E+00 .4373E-01
.4110E+03 .1394E+00 .4961E-01
.4120E+03 .1477E+00 .5349E-01
.4130E+03 .1411E+00 .5183E-01
.4140E+03 .1391E+00 .5196E-01
.4150E+03 .1434E+00 .5450E-01
.4160E+03 .1471E+00 .5692E-01
.4170E+03 .1429E+00 .5614E-01
.4180E+03 .1361E+00 .5432E-01
.4190E+03 .1412E+00 .5719E-01
.4200E+03 .1289E+00 .5298E-01
.4210E+03 .1458E+00 .6088E-01
.4220E+03 .1432E+00 .6072E-01
.4230E+03 .1380E+00 .5946E-01
.4240E+03 .1366E+00 .5974E-01
.4250E+03 .1402E+00 .6231E-01
.4260E+03 .1357E+00 .6133E-01
.4270E+03 .1306E+00 .5982E-01
.4280E+03 .1314E+00 .6094E-01
.4290E+03 .1213E+00 .5716E-01
.4300E+03 .9640E-01 .4607E-01
.4310E+03 .8711E-01 .4215E-01
.4320E+03 .1443E+00 .7097E-01
.4330E+03 .1337E+00 .6670E-01
.4340E+03 .1230E+00 .6212E-01
.4350E+03 .1344E+00 .6866E-01
.4360E+03 .1469E+00 .7619E-01
.4370E+03 .1493E+00 .7866E-01
.4380E+03 .1304E+00 .6974E-01
.4390E+03 .1247E+00 .6734E-01
.4400E+03 .1422E+00 .7801E-01
.4410E+03 .1396E+00 .7782E-01
.4420E+03 .1486E+00 .8392E-01
.4430E+03 .1498E+00 .8517E-01
.4440E+03 .1457E+00 .8407E-01
.4450E+03 .1507E+00 .8767E-01
.4460E+03 .1347E+00 .7948E-01
.4470E+03 .1528E+00 .9152E-01
.4480E+03 .1539E+00 .9305E-01
.4490E+03 .1528E+00 .9404E-01
.4500E+03 .1576E+00 .9840E-01
.4510E+03 .1628E+00 .1028E+00
.4520E+03 .1553E+00 .9920E-01
.4530E+03 .1428E+00 .9232E-01
.4540E+03 .1526E+00 .9992E-01
.4550E+03 .1507E+00 .9986E-01
.4560E+03 .1549E+00 .1039E+00
.4570E+03 .1553E+00 .1055E+00
.4580E+03 .1509E+00 .1037E+00
.4590E+03 .1487E+00 .1037E+00
.4600E+03 .1468E+00 .1036E+00
.4610E+03 .1511E+00 .1080E+00
.4620E+03 .1519E+00 .1099E+00
.4630E+03 .1519E+00 .1108E+00
.4640E+03 .1470E+00 .1083E+00
.4650E+03 .1449E+00 .1079E+00
.4660E+03 .1475E+00 .1111E+00
.4670E+03 .1403E+00 .1065E+00
.4680E+03 .1455E+00 .1118E+00
.4690E+03 .1453E+00 .1129E+00
.4700E+03 .1389E+00 .1088E+00
.4710E+03 .1407E+00 .1114E+00
.4720E+03 .1474E+00 .1176E+00
.4730E+03 .1411E+00 .1136E+00
.4740E+03 .1420E+00 .1151E+00
.4750E+03 .1458E+00 .1191E+00
.4760E+03 .1398E+00 .1151E+00
.4770E+03 .1396E+00 .1160E+00
.4780E+03 .1430E+00 .1207E+00
.4790E+03 .1392E+00 .1194E+00
.4800E+03 .1404E+00 .1225E+00
.4810E+03 .1394E+00 .1237E+00
.4820E+03 .1392E+00 .1253E+00
.4830E+03 .1370E+00 .1248E+00
.4840E+03 .1341E+00 .1232E+00
.4850E+03 .1334E+00 .1233E+00
.4860E+03 .1079E+00 .1007E+00
.4870E+03 .1206E+00 .1135E+00
.4880E+03 .1299E+00 .1233E+00
.4890E+03 .1217E+00 .1165E+00
.4900E+03 .1352E+00 .1310E+00
.4910E+03 .1292E+00 .1268E+00
.4920E+03 .1226E+00 .1215E+00
.4930E+03 .1306E+00 .1305E+00
.4940E+03 .1269E+00 .1279E+00
.4950E+03 .1342E+00 .1364E+00
.4960E+03 .1269E+00 .1302E+00
.4970E+03 .1282E+00 .1330E+00
.4980E+03 .1237E+00 .1299E+00
.4990E+03 .1226E+00 .1303E+00
.5000E+03 .1211E+00 .1301E+00
.5010E+03 .1163E+00 .1264E+00
.5020E+03 .1149E+00 .1257E+00
.5030E+03 .1189E+00 .1308E+00
.5040E+03 .1086E+00 .1172E+00
.5050E+03 .1170E+00 .1313E+00
.5060E+03 .1208E+00 .1363E+00
.5070E+03 .1150E+00 .1306E+00
.5080E+03 .1120E+00 .1288E+00
.5090E+03 .1172E+00 .1363E+00
.5100E+03 .1139E+00 .1339E+00
.5110E+03 .1158E+00 .1378E+00
.5120E+03 .1183E+00 .1425E+00
.5130E+03 .1105E+00 .1346E+00
.5140E+03 .1075E+00 .1325E+00
.5150E+03 .1099E+00 .1368E+00
.5160E+03 .1103E+00 .1385E+00
.5170E+03 .8931E-01 .1133E+00
.5180E+03 .1015E+00 .1300E+00
.5190E+03 .9783E-01 .1263E+00
.5200E+03 .1061E+00 .1382E+00
.5210E+03 .1062E+00 .1396E+00
.5220E+03 .1077E+00 .1430E+00
.5230E+03 .1008E+00 .1351E+00
.5240E+03 .1075E+00 .1453E+00
.5250E+03 .1056E+00 .1441E+00
.5260E+03 .1018E+00 .1406E+00
.5270E+03 .8820E-01 .1228E+00
.5280E+03 .1001E+00 .1408E+00
.5290E+03 .1038E+00 .1473E+00
.5300E+03 .9901E-01 .1419E+00
.5310E+03 .1036E+00 .1500E+00
.5320E+03 .1011E+00 .1477E+00
.5330E+03 .8974E-01 .1323E+00
.5340E+03 .9566E-01 .1423E+00
.5350E+03 .9672E-01 .1451E+00
.5360E+03 .1004E+00 .1518E+00
.5370E+03 .9256E-01 .1411E+00
.5380E+03 .9672E-01 .1486E+00
.5390E+03 .9379E-01 .1453E+00
.5400E+03 .8991E-01 .1401E+00
.5410E+03 .8558E-01 .1333E+00
.5420E+03 .9247E-01 .1451E+00
.5430E+03 .9063E-01 .1450E+00
.5440E+03 .9296E-01 .1489E+00
.5450E+03 .9039E-01 .1464E+00
.5460E+03 .8877E-01 .1437E+00
.5470E+03 .8966E-01 .1473E+00
.5480E+03 .8674E-01 .1441E+00
.5490E+03 .8905E-01 .1495E+00
.5500E+03 .8788E-01 .1489E+00
.5510E+03 .8734E-01 .1494E+00
.5520E+03 .8867E-01 .1530E+00
.5530E+03 .8566E-01 .1489E+00
.5540E+03 .8682E-01 .1521E+00
.5550E+03 .8674E-01 .1531E+00
.5560E+03 .8470E-01 .1506E+00
.5570E+03 .8204E-01 .1470E+00
.5580E+03 .8314E-01 .1501E+00
.5590E+03 .7801E-01 .1420E+00
.5600E+03 .7876E-01 .1447E+00
.5610E+03 .8267E-01 .1533E+00
.5620E+03 .7806E-01 .1459E+00
.5630E+03 .8036E-01 .1513E+00
.5640E+03 .7823E-01 .1482E+00
.5650E+03 .7818E-01 .1491E+00
.5660E+03 .7345E-01 .1409E+00
.5670E+03 .7772E-01 .1497E+00
.5680E+03 .7623E-01 .1460E+00
.5690E+03 .7312E-01 .1371E+00
.5700E+03 .7308E-01 .1394E+00
.5710E+03 .7070E-01 .1378E+00
.5720E+03 .7382E-01 .1425E+00
.5730E+03 .7381E-01 .1434E+00
.5740E+03 .7314E-01 .1427E+00
.5750E+03 .7116E-01 .1390E+00
.5760E+03 .7042E-01 .1383E+00
.5770E+03 .7206E-01 .1424E+00
.5780E+03 .6982E-01 .1397E+00
.5790E+03 .7077E-01 .1436E+00
.5800E+03 .7187E-01 .1482E+00
.5810E+03 .7211E-01 .1506E+00
.5820E+03 .7308E-01 .1544E+00
.5830E+03 .7366E-01 .1574E+00
.5840E+03 .7327E-01 .1578E+00
.5850E+03 .7244E-01 .1571E+00
.5860E+03 .7033E-01 .1527E+00
.5870E+03 .7129E-01 .1535E+00
.5880E+03 .6811E-01 .1407E+00
.5890E+03 .5684E-01 .1102E+00
.5900E+03 .6022E-01 .1174E+00
.5910E+03 .6499E-01 .1319E+00
.5920E+03 .6282E-01 .1272E+00
.5930E+03 .6418E-01 .1357E+00
.5940E+03 .6315E-01 .1343E+00
.5950E+03 .6128E-01 .1269E+00
.5960E+03 .6418E-01 .1417E+00
.5970E+03 .6374E-01 .1408E+00
.5980E+03 .6285E-01 .1422E+00
.5990E+03 .6268E-01 .1446E+00
.6000E+03 .6339E-01 .1501E+00
.6010E+03 .6268E-01 .1516E+00
.6020E+03 .6155E-01 .1502E+00
.6030E+03 .6274E-01 .1545E+00
.6040E+03 .6372E-01 .1578E+00
.6050E+03 .6352E-01 .1583E+00
.6060E+03 .6314E-01 .1587E+00
.6070E+03 .6348E-01 .1608E+00
.6080E+03 .6325E-01 .1612E+00
.6090E+03 .6277E-01 .1608E+00
.6100E+03 .6249E-01 .1606E+00
.6110E+03 .6217E-01 .1604E+00
.6120E+03 .6309E-01 .1632E+00
.6130E+03 .6218E-01 .1612E+00
.6140E+03 .6027E-01 .1569E+00
.6150E+03 .6246E-01 .1634E+00
.6160E+03 .6077E-01 .1597E+00
.6170E+03 .5995E-01 .1581E+00
.6180E+03 .6215E-01 .1644E+00
.6190E+03 .6236E-01 .1654E+00
.6200E+03 .6227E-01 .1653E+00
.6210E+03 .6241E-01 .1651E+00
.6220E+03 .5998E-01 .1564E+00
.6230E+03 .5936E-01 .1526E+00
.6240E+03 .5908E-01 .1537E+00
.6250E+03 .5862E-01 .1548E+00
.6260E+03 .5840E-01 .1546E+00
.6270E+03 .5971E-01 .1564E+00
.6280E+03 .5572E-01 .1312E+00
.6290E+03 .5803E-01 .1475E+00
.6300E+03 .5738E-01 .1467E+00
.6310E+03 .5852E-01 .1559E+00
.6320E+03 .5597E-01 .1496E+00
.6330E+03 .5966E-01 .1631E+00
.6340E+03 .5882E-01 .1635E+00
.6350E+03 .5945E-01 .1663E+00
.6360E+03 .5808E-01 .1637E+00
.6370E+03 .6000E-01 .1699E+00
.6380E+03 .6047E-01 .1733E+00
.6390E+03 .6017E-01 .1735E+00
.6400E+03 .5890E-01 .1712E+00
.6410E+03 .5886E-01 .1720E+00
.6420E+03 .5896E-01 .1734E+00
.6430E+03 .5940E-01 .1747E+00
.6440E+03 .5911E-01 .1750E+00
.6450E+03 .5925E-01 .1746E+00
.6460E+03 .5682E-01 .1635E+00
.6470E+03 .5548E-01 .1534E+00
.6480E+03 .5453E-01 .1508E+00
.6490E+03 .5284E-01 .1462E+00
.6500E+03 .5422E-01 .1592E+00
.6510E+03 .5774E-01 .1712E+00
.6520E+03 .5363E-01 .1497E+00
.6530E+03 .5692E-01 .1701E+00
.6540E+03 .5629E-01 .1687E+00
.6550E+03 .5292E-01 .1559E+00
.6560E+03 .4671E-01 .1389E+00
.6570E+03 .4870E-01 .1454E+00
.6580E+03 .5477E-01 .1672E+00
.6590E+03 .5504E-01 .1685E+00
.6600E+03 .5534E-01 .1687E+00
.6610E+03 .5522E-01 .1672E+00
.6620E+03 .5476E-01 .1636E+00
.6630E+03 .5475E-01 .1657E+00
.6640E+03 .5527E-01 .1720E+00
.6650E+03 .5624E-01 .1783E+00
.6660E+03 .5618E-01 .1807E+00
.6670E+03 .5575E-01 .1813E+00
.6680E+03 .5592E-01 .1835E+00
.6690E+03 .5680E-01 .1874E+00
.6700E+03 .5593E-01 .1855E+00
.6710E+03 .5575E-01 .1857E+00
.6720E+03 .5489E-01 .1835E+00
.6730E+03 .5529E-01 .1856E+00
.6740E+03 .5512E-01 .1858E+00
.6750E+03 .5458E-01 .1847E+00
.6760E+03 .5512E-01 .1872E+00
.6770E+03 .5452E-01 .1858E+00
.6780E+03 .5471E-01 .1870E+00
.6790E+03 .5415E-01 .1858E+00
.6800E+03 .5411E-01 .1863E+00
.6810E+03 .5377E-01 .1858E+00
.6820E+03 .5388E-01 .1868E+00
.6830E+03 .5316E-01 .1850E+00
.6840E+03 .5266E-01 .1836E+00
.6850E+03 .5261E-01 .1845E+00
.6860E+03 .5127E-01 .1798E+00
.6870E+03 .3512E-01 .6334E-01
.6880E+03 .4144E-01 .9832E-01
.6890E+03 .4163E-01 .9982E-01
.6900E+03 .4380E-01 .1147E+00
.6910E+03 .4575E-01 .1312E+00
.6920E+03 .4659E-01 .1412E+00
.6930E+03 .4456E-01 .1309E+00
.6940E+03 .4318E-01 .1301E+00
.6950E+03 .4508E-01 .1456E+00
.6960E+03 .4491E-01 .1460E+00
.6970E+03 .4916E-01 .1713E+00
.6980E+03 .4820E-01 .1679E+00
.6990E+03 .4579E-01 .1516E+00
.7000E+03 .4526E-01 .1500E+00