Wvlgth Global_horizn_irradiance
.3500E+03 .1785E+00
.3510E+03 .1866E+00
.3520E+03 .1753E+00
.3530E+03 .1753E+00
.3540E+03 .2031E+00
.3550E+03 .2051E+00
.3560E+03 .1856E+00
.3570E+03 .1528E+00
.3580E+03 .1437E+00
.3590E+03 .1566E+00
.3600E+03 .1994E+00
.3610E+03 .1731E+00
.3620E+03 .1778E+00
.3630E+03 .2003E+00
.3640E+03 .2017E+00
.3650E+03 .2072E+00
.3660E+03 .2442E+00
.3670E+03 .2399E+00
.3680E+03 .2213E+00
.3690E+03 .2297E+00
.3700E+03 .2501E+00
.3710E+03 .2296E+00
.3720E+03 .2231E+00
.3730E+03 .2046E+00
.3740E+03 .1839E+00
.3750E+03 .1947E+00
.3760E+03 .2227E+00
.3770E+03 .2349E+00
.3780E+03 .2821E+00
.3790E+03 .2450E+00
.3800E+03 .2306E+00
.3810E+03 .2515E+00
.3820E+03 .1933E+00
.3830E+03 .1499E+00
.3840E+03 .1679E+00
.3850E+03 .2219E+00
.3860E+03 .2046E+00
.3870E+03 .2146E+00
.3880E+03 .2094E+00
.3890E+03 .2257E+00
.3900E+03 .2625E+00
.3910E+03 .2804E+00
.3920E+03 .2617E+00
.3930E+03 .1580E+00
.3940E+03 .1632E+00
.3950E+03 .2659E+00
.3960E+03 .2490E+00
.3970E+03 .1403E+00
.3980E+03 .2805E+00
.3990E+03 .3520E+00
.4000E+03 .3665E+00
.4010E+03 .3785E+00
.4020E+03 .3936E+00
.4030E+03 .3792E+00
.4040E+03 .3853E+00
.4050E+03 .3758E+00
.4060E+03 .3667E+00
.4070E+03 .3603E+00
.4080E+03 .3760E+00
.4090E+03 .4016E+00
.4100E+03 .3423E+00
.4110E+03 .3833E+00
.4120E+03 .4077E+00
.4130E+03 .3909E+00
.4140E+03 .3869E+00
.4150E+03 .4006E+00
.4160E+03 .4128E+00
.4170E+03 .4025E+00
.4180E+03 .3851E+00
.4190E+03 .4009E+00
.4200E+03 .3673E+00
.4210E+03 .4173E+00
.4220E+03 .4116E+00
.4230E+03 .3986E+00
.4240E+03 .3963E+00
.4250E+03 .4086E+00
.4260E+03 .3973E+00
.4270E+03 .3838E+00
.4280E+03 .3875E+00
.4290E+03 .3592E+00
.4300E+03 .2866E+00
.4310E+03 .2600E+00
.4320E+03 .4327E+00
.4330E+03 .4027E+00
.4340E+03 .3719E+00
.4350E+03 .4078E+00
.4360E+03 .4476E+00
.4370E+03 .4571E+00
.4380E+03 .4012E+00
.4390E+03 .3853E+00
.4400E+03 .4418E+00
.4410E+03 .4360E+00
.4420E+03 .4664E+00
.4430E+03 .4715E+00
.4440E+03 .4605E+00
.4450E+03 .4776E+00
.4460E+03 .4287E+00
.4470E+03 .4883E+00
.4480E+03 .4937E+00
.4490E+03 .4932E+00
.4500E+03 .5114E+00
.4510E+03 .5303E+00
.4520E+03 .5077E+00
.4530E+03 .4689E+00
.4540E+03 .5032E+00
.4550E+03 .4994E+00
.4560E+03 .5158E+00
.4570E+03 .5198E+00
.4580E+03 .5080E+00
.4590E+03 .5038E+00
.4600E+03 .5001E+00
.4610E+03 .5175E+00
.4620E+03 .5225E+00
.4630E+03 .5241E+00
.4640E+03 .5086E+00
.4650E+03 .5029E+00
.4660E+03 .5138E+00
.4670E+03 .4904E+00
.4680E+03 .5114E+00
.4690E+03 .5132E+00
.4700E+03 .4927E+00
.4710E+03 .5012E+00
.4720E+03 .5269E+00
.4730E+03 .5062E+00
.4740E+03 .5114E+00
.4750E+03 .5274E+00
.4760E+03 .5083E+00
.4770E+03 .5105E+00
.4780E+03 .5269E+00
.4790E+03 .5168E+00
.4800E+03 .5255E+00
.4810E+03 .5257E+00
.4820E+03 .5281E+00
.4830E+03 .5222E+00
.4840E+03 .5126E+00
.4850E+03 .5108E+00
.4860E+03 .4145E+00
.4870E+03 .4645E+00
.4880E+03 .5024E+00
.4890E+03 .4727E+00
.4900E+03 .5284E+00
.4910E+03 .5080E+00
.4920E+03 .4841E+00
.4930E+03 .5177E+00
.4940E+03 .5052E+00
.4950E+03 .5362E+00
.4960E+03 .5095E+00
.4970E+03 .5178E+00
.4980E+03 .5033E+00
.4990E+03 .5026E+00
.5000E+03 .4999E+00
.5010E+03 .4836E+00
.5020E+03 .4811E+00
.5030E+03 .5007E+00
.5040E+03 .4571E+00
.5050E+03 .4989E+00
.5060E+03 .5172E+00
.5070E+03 .4941E+00
.5080E+03 .4832E+00
.5090E+03 .5077E+00
.5100E+03 .4956E+00
.5110E+03 .5063E+00
.5120E+03 .5203E+00
.5130E+03 .4889E+00
.5140E+03 .4787E+00
.5150E+03 .4922E+00
.5160E+03 .4964E+00
.5170E+03 .4044E+00
.5180E+03 .4623E+00
.5190E+03 .4477E+00
.5200E+03 .4883E+00
.5210E+03 .4914E+00
.5220E+03 .5019E+00
.5230E+03 .4727E+00
.5240E+03 .5072E+00
.5250E+03 .5021E+00
.5260E+03 .4879E+00
.5270E+03 .4256E+00
.5280E+03 .4867E+00
.5290E+03 .5083E+00
.5300E+03 .4880E+00
.5310E+03 .5143E+00
.5320E+03 .5048E+00
.5330E+03 .4506E+00
.5340E+03 .4827E+00
.5350E+03 .4901E+00
.5360E+03 .5111E+00
.5370E+03 .4731E+00
.5380E+03 .4966E+00
.5390E+03 .4841E+00
.5400E+03 .4663E+00
.5410E+03 .4454E+00
.5420E+03 .4840E+00
.5430E+03 .4787E+00
.5440E+03 .4929E+00
.5450E+03 .4823E+00
.5460E+03 .4750E+00
.5470E+03 .4832E+00
.5480E+03 .4703E+00
.5490E+03 .4856E+00
.5500E+03 .4819E+00
.5510E+03 .4816E+00
.5520E+03 .4916E+00
.5530E+03 .4773E+00
.5540E+03 .4864E+00
.5550E+03 .4886E+00
.5560E+03 .4798E+00
.5570E+03 .4676E+00
.5580E+03 .4769E+00
.5590E+03 .4505E+00
.5600E+03 .4581E+00
.5610E+03 .4841E+00
.5620E+03 .4603E+00
.5630E+03 .4769E+00
.5640E+03 .4668E+00
.5650E+03 .4691E+00
.5660E+03 .4430E+00
.5670E+03 .4711E+00
.5680E+03 .4629E+00
.5690E+03 .4428E+00
.5700E+03 .4462E+00
.5710E+03 .4360E+00
.5720E+03 .4554E+00
.5730E+03 .4574E+00
.5740E+03 .4550E+00
.5750E+03 .4438E+00
.5760E+03 .4406E+00
.5770E+03 .4523E+00
.5780E+03 .4403E+00
.5790E+03 .4486E+00
.5800E+03 .4581E+00
.5810E+03 .4619E+00
.5820E+03 .4702E+00
.5830E+03 .4761E+00
.5840E+03 .4753E+00
.5850E+03 .4716E+00
.5860E+03 .4589E+00
.5870E+03 .4649E+00
.5880E+03 .4396E+00
.5890E+03 .3602E+00
.5900E+03 .3834E+00
.5910E+03 .4204E+00
.5920E+03 .4069E+00
.5930E+03 .4229E+00
.5940E+03 .4181E+00
.5950E+03 .4043E+00
.5960E+03 .4337E+00
.5970E+03 .4324E+00
.5980E+03 .4314E+00
.5990E+03 .4345E+00
.6000E+03 .4445E+00
.6010E+03 .4436E+00
.6020E+03 .4378E+00
.6030E+03 .4484E+00
.6040E+03 .4567E+00
.6050E+03 .4567E+00
.6060E+03 .4554E+00
.6070E+03 .4591E+00
.6080E+03 .4584E+00
.6090E+03 .4556E+00
.6100E+03 .4540E+00
.6110E+03 .4521E+00
.6120E+03 .4592E+00
.6130E+03 .4529E+00
.6140E+03 .4396E+00
.6150E+03 .4563E+00
.6160E+03 .4447E+00
.6170E+03 .4393E+00
.6180E+03 .4560E+00
.6190E+03 .4582E+00
.6200E+03 .4580E+00
.6210E+03 .4590E+00
.6220E+03 .4396E+00
.6230E+03 .4336E+00
.6240E+03 .4336E+00
.6250E+03 .4325E+00
.6260E+03 .4316E+00
.6270E+03 .4403E+00
.6280E+03 .3984E+00
.6290E+03 .4247E+00
.6300E+03 .4211E+00
.6310E+03 .4350E+00
.6320E+03 .4167E+00
.6330E+03 .4476E+00
.6340E+03 .4438E+00
.6350E+03 .4496E+00
.6360E+03 .4405E+00
.6370E+03 .4558E+00
.6380E+03 .4613E+00
.6390E+03 .4600E+00
.6400E+03 .4515E+00
.6410E+03 .4522E+00
.6420E+03 .4541E+00
.6430E+03 .4576E+00
.6440E+03 .4566E+00
.6450E+03 .4574E+00
.6460E+03 .4357E+00
.6470E+03 .4202E+00
.6480E+03 .4129E+00
.6490E+03 .4008E+00
.6500E+03 .4194E+00
.6510E+03 .4486E+00
.6520E+03 .4085E+00
.6530E+03 .4439E+00
.6540E+03 .4400E+00
.6550E+03 .4112E+00
.6560E+03 .3647E+00
.6570E+03 .3810E+00
.6580E+03 .4318E+00
.6590E+03 .4349E+00
.6600E+03 .4371E+00
.6610E+03 .4356E+00
.6620E+03 .4306E+00
.6630E+03 .4327E+00
.6640E+03 .4409E+00
.6650E+03 .4515E+00
.6660E+03 .4534E+00
.6670E+03 .4517E+00
.6680E+03 .4547E+00
.6690E+03 .4630E+00
.6700E+03 .4571E+00
.6710E+03 .4565E+00
.6720E+03 .4504E+00
.6730E+03 .4545E+00
.6740E+03 .4541E+00
.6750E+03 .4506E+00
.6760E+03 .4560E+00
.6770E+03 .4519E+00
.6780E+03 .4543E+00
.6790E+03 .4506E+00
.6800E+03 .4514E+00
.6810E+03 .4495E+00
.6820E+03 .4516E+00
.6830E+03 .4466E+00
.6840E+03 .4432E+00
.6850E+03 .4441E+00
.6860E+03 .4334E+00
.6870E+03 .2435E+00
.6880E+03 .3119E+00
.6890E+03 .3147E+00
.6900E+03 .3402E+00
.6910E+03 .3655E+00
.6920E+03 .3788E+00
.6930E+03 .3579E+00
.6940E+03 .3486E+00
.6950E+03 .3731E+00
.6960E+03 .3731E+00
.6970E+03 .4189E+00
.6980E+03 .4111E+00
.6990E+03 .3840E+00
.7000E+03 .3798E+00
